
-=| QuadTree: 0001 |=-

Number of clusters: 537
-=| Cluster: 0000 |=-
[Elements: 6]
{
	10401
	2278
	4501
	4354
	284
	2623
}
-=| Cluster: 0001 |=-
[Elements: 15]
{
	6901
	7495
	2989
	2972
	349
	1950
	3871
	7679
	147
	5161
	9787
	11021
	5095
	9034
	6994
}
-=| Cluster: 0002 |=-
[Elements: 23]
{
	2505
	2127
	2755
	1084
	3355
	9677
	6564
	430
	9457
	9018
	6567
	5919
	6938
	8876
	10427
	1673
	4958
	529
	2347
	5357
	19
	810
	10923
}
-=| Cluster: 0003 |=-
[Elements: 22]
{
	7436
	6685
	7560
	2370
	8184
	64
	2165
	1716
	9082
	7584
	5790
	6914
	5147
	4573
	8205
	872
	10662
	8775
	4619
	4061
	3902
	1963
}
-=| Cluster: 0004 |=-
[Elements: 22]
{
	8027
	2990
	3075
	10536
	9577
	2597
	904
	8002
	1419
	8598
	9645
	3216
	9339
	6412
	2865
	8081
	4215
	2837
	10323
	10026
	7755
	2514
}
-=| Cluster: 0005 |=-
[Elements: 21]
{
	4841
	8183
	3052
	2733
	1633
	1193
	1485
	3593
	4121
	7557
	8210
	3190
	9461
	8819
	9706
	9559
	9413
	2547
	3955
	4250
	453
}
-=| Cluster: 0006 |=-
[Elements: 23]
{
	10296
	7944
	10795
	4220
	2011
	6065
	10598
	9387
	10905
	10025
	9779
	1483
	10548
	722
	3598
	6138
	3940
	5762
	2181
	882
	5692
	6033
	909
}
-=| Cluster: 0007 |=-
[Elements: 22]
{
	9066
	7059
	5698
	248
	6178
	1487
	8260
	8611
	5447
	7061
	7118
	269
	6960
	4156
	1977
	5190
	10444
	7120
	3807
	4151
	5567
	558
}
-=| Cluster: 0008 |=-
[Elements: 22]
{
	2939
	7320
	7266
	3748
	392
	510
	8022
	4430
	1652
	4907
	9635
	5587
	7477
	3388
	780
	4278
	10433
	6931
	1964
	30
	1568
	703
}
-=| Cluster: 0009 |=-
[Elements: 19]
{
	5741
	10108
	7602
	7575
	6853
	4184
	10788
	20
	833
	7336
	4631
	4726
	120
	9017
	1622
	3613
	3932
	10062
	6592
}
-=| Cluster: 0010 |=-
[Elements: 21]
{
	2857
	10130
	7817
	10067
	2255
	2380
	559
	82
	6356
	10746
	8400
	7022
	9010
	2280
	5321
	3077
	9502
	5616
	944
	6508
	1769
}
-=| Cluster: 0011 |=-
[Elements: 20]
{
	7580
	8992
	7539
	3557
	376
	109
	5022
	7888
	271
	6751
	9857
	10481
	1316
	8903
	7256
	6953
	8290
	1159
	1657
	1991
}
-=| Cluster: 0012 |=-
[Elements: 19]
{
	1598
	7029
	1678
	700
	1956
	6497
	7842
	8258
	10611
	5999
	8293
	5090
	4083
	3496
	2523
	2795
	667
	6715
	8635
}
-=| Cluster: 0013 |=-
[Elements: 4]
{
	10542
	2834
	10782
	5780
}
-=| Cluster: 0014 |=-
[Elements: 16]
{
	3905
	8052
	5729
	367
	6819
	8479
	8013
	3310
	618
	5554
	4351
	2453
	2032
	6737
	7684
	8423
}
-=| Cluster: 0015 |=-
[Elements: 20]
{
	5300
	8365
	1238
	10426
	1447
	5209
	8988
	2202
	6491
	10256
	5759
	921
	844
	3792
	7754
	4421
	9802
	6583
	5520
	3825
}
-=| Cluster: 0016 |=-
[Elements: 20]
{
	7775
	2385
	2243
	9464
	8560
	4237
	5760
	10268
	5765
	2065
	4647
	10750
	334
	8525
	9561
	191
	9456
	10814
	2087
	3210
}
-=| Cluster: 0017 |=-
[Elements: 19]
{
	9005
	8530
	5526
	6969
	7866
	159
	4270
	10220
	6642
	5066
	7649
	6985
	6855
	574
	6604
	3294
	9145
	6531
	6762
}
-=| Cluster: 0018 |=-
[Elements: 22]
{
	1685
	2080
	5970
	10223
	5888
	3755
	7304
	10350
	10208
	9743
	7986
	2295
	10578
	6253
	8862
	9957
	3471
	1433
	2495
	3091
	534
	4848
}
-=| Cluster: 0019 |=-
[Elements: 15]
{
	10231
	11035
	11067
	815
	6466
	7363
	4280
	1008
	10002
	5687
	3177
	4680
	6097
	6311
	10954
}
-=| Cluster: 0020 |=-
[Elements: 8]
{
	8412
	426
	9842
	3393
	7809
	3138
	1980
	8305
}
-=| Cluster: 0021 |=-
[Elements: 19]
{
	2467
	5185
	4231
	4378
	10849
	5011
	6153
	3525
	7923
	1976
	4821
	6559
	3088
	5870
	10601
	10841
	7564
	3549
	4713
}
-=| Cluster: 0022 |=-
[Elements: 20]
{
	9973
	379
	167
	3687
	1119
	7010
	7174
	7481
	4552
	3520
	10811
	329
	9319
	1653
	10380
	4203
	9856
	8218
	1245
	6145
}
-=| Cluster: 0023 |=-
[Elements: 19]
{
	6493
	1256
	10312
	3690
	9273
	7343
	9819
	7958
	4811
	6638
	2056
	7260
	8732
	10838
	4672
	528
	7309
	3481
	6964
}
-=| Cluster: 0024 |=-
[Elements: 23]
{
	380
	3560
	2235
	3296
	9294
	4957
	2425
	9033
	594
	9142
	9573
	1730
	1128
	3615
	1015
	647
	422
	2932
	1088
	5361
	3234
	10057
	4629
}
-=| Cluster: 0025 |=-
[Elements: 21]
{
	2748
	8188
	3379
	5368
	10327
	5233
	4966
	3878
	482
	5621
	8212
	1324
	139
	777
	2123
	4701
	8952
	4796
	3199
	1083
	5799
}
-=| Cluster: 0026 |=-
[Elements: 21]
{
	8303
	8716
	6794
	1315
	2144
	10857
	3292
	6227
	3521
	3591
	9527
	10619
	4668
	7910
	10187
	4565
	213
	1954
	9210
	4948
	3039
}
-=| Cluster: 0027 |=-
[Elements: 22]
{
	6402
	3410
	4592
	8252
	10997
	4814
	5205
	4169
	4829
	10055
	10011
	7949
	113
	80
	5788
	3798
	1031
	666
	9837
	3114
	5227
	1319
}
-=| Cluster: 0028 |=-
[Elements: 22]
{
	5993
	2916
	9810
	5341
	592
	8790
	7238
	7827
	2078
	10781
	633
	6898
	1006
	6354
	7221
	3980
	2721
	5033
	4694
	7770
	8083
	6043
}
-=| Cluster: 0029 |=-
[Elements: 22]
{
	10609
	9965
	1710
	6625
	973
	1502
	738
	10392
	10493
	10552
	186
	2320
	3513
	3535
	3581
	3942
	1160
	2299
	885
	3625
	7208
	1552
}
-=| Cluster: 0030 |=-
[Elements: 23]
{
	3501
	1475
	131
	10815
	3867
	5678
	1
	8176
	7494
	544
	2079
	10396
	5385
	10943
	8897
	9666
	5424
	6588
	1569
	3803
	7168
	8174
	6216
}
-=| Cluster: 0031 |=-
[Elements: 20]
{
	1867
	6840
	5897
	1699
	1563
	925
	6338
	2105
	6397
	5545
	5651
	9220
	1841
	2102
	7178
	5181
	10371
	4815
	8844
	3456
}
-=| Cluster: 0032 |=-
[Elements: 20]
{
	10013
	10357
	307
	3101
	9913
	5462
	5828
	7985
	5599
	9600
	6452
	5866
	104
	4307
	5632
	8262
	6718
	4709
	2359
	6003
}
-=| Cluster: 0033 |=-
[Elements: 12]
{
	7315
	10670
	2242
	10607
	7611
	3432
	8368
	721
	8240
	8354
	4414
	1665
}
-=| Cluster: 0034 |=-
[Elements: 8]
{
	4575
	12
	3844
	3859
	67
	7138
	5944
	5843
}
-=| Cluster: 0035 |=-
[Elements: 19]
{
	3740
	5305
	10919
	6684
	4178
	8049
	9772
	3122
	7356
	3441
	3512
	7349
	8029
	7608
	10403
	6562
	9029
	7485
	343
}
-=| Cluster: 0036 |=-
[Elements: 23]
{
	9297
	10827
	1849
	3697
	1690
	6573
	7621
	504
	10056
	761
	5496
	9606
	611
	5557
	2756
	6251
	4439
	2041
	8440
	733
	7311
	6399
	5045
}
-=| Cluster: 0037 |=-
[Elements: 22]
{
	1441
	5138
	4880
	8419
	650
	7249
	9014
	5491
	2362
	1522
	5776
	4359
	10929
	4996
	7955
	2746
	8522
	7408
	8888
	8341
	1454
	9882
}
-=| Cluster: 0038 |=-
[Elements: 22]
{
	8251
	8139
	378
	3639
	21
	11058
	3174
	4218
	3078
	5654
	5966
	96
	10523
	9958
	10980
	8208
	5560
	1365
	9618
	8135
	6233
	8369
}
-=| Cluster: 0039 |=-
[Elements: 24]
{
	873
	5142
	1996
	1450
	8688
	4973
	6894
	7158
	837
	3323
	6351
	3608
	6048
	1506
	5481
	1092
	8596
	5287
	5087
	4675
	9820
	8285
	7555
	8386
}
-=| Cluster: 0040 |=-
[Elements: 5]
{
	10338
	3945
	418
	3975
	10932
}
-=| Cluster: 0041 |=-
[Elements: 12]
{
	7642
	9661
	3132
	5724
	10123
	989
	8070
	1609
	10448
	2397
	6600
	6543
}
-=| Cluster: 0042 |=-
[Elements: 6]
{
	2872
	1509
	8672
	3972
	5206
	7068
}
-=| Cluster: 0043 |=-
[Elements: 22]
{
	8391
	1735
	10118
	7712
	4243
	7213
	3723
	7075
	1442
	9826
	6463
	1204
	3796
	7901
	8312
	1030
	2412
	9455
	4094
	3846
	449
	5464
}
-=| Cluster: 0044 |=-
[Elements: 24]
{
	4666
	1035
	1525
	3736
	6426
	7111
	9874
	3275
	6500
	8641
	1276
	7740
	6635
	8551
	2822
	4370
	10399
	2835
	4813
	4901
	6575
	5395
	1507
	10069
}
-=| Cluster: 0045 |=-
[Elements: 14]
{
	5278
	776
	796
	10352
	875
	398
	8690
	7545
	3528
	6547
	6799
	674
	134
	9868
}
-=| Cluster: 0046 |=-
[Elements: 8]
{
	723
	1987
	10826
	4614
	7861
	5613
	2073
	2546
}
-=| Cluster: 0047 |=-
[Elements: 23]
{
	8431
	4540
	1894
	6541
	9097
	7759
	1320
	8636
	2751
	8695
	9257
	8393
	7247
	10990
	10597
	10986
	2190
	7831
	4698
	11007
	3426
	5050
	4320
}
-=| Cluster: 0048 |=-
[Elements: 23]
{
	5218
	3951
	3260
	2451
	1127
	4534
	5249
	5935
	3583
	1829
	10688
	6007
	7234
	8582
	9655
	7678
	65
	9347
	4953
	1737
	3127
	7271
	10363
}
-=| Cluster: 0049 |=-
[Elements: 21]
{
	5637
	2558
	6225
	1121
	3374
	2788
	8232
	976
	55
	233
	8873
	7932
	10520
	2160
	11015
	9943
	3717
	3345
	1755
	3121
	577
}
-=| Cluster: 0050 |=-
[Elements: 25]
{
	4939
	9736
	7928
	4284
	7367
	5968
	8196
	1875
	3340
	6152
	2176
	2917
	1556
	5280
	2582
	3278
	7782
	5425
	9725
	7190
	2420
	10560
	8414
	8427
	6740
}
-=| Cluster: 0051 |=-
[Elements: 23]
{
	2550
	1396
	8739
	6308
	10585
	10015
	2063
	7569
	4911
	8254
	4438
	1932
	2985
	8629
	2118
	6272
	755
	1597
	7187
	5292
	4452
	4333
	477
}
-=| Cluster: 0052 |=-
[Elements: 21]
{
	7871
	3669
	4391
	1333
	5553
	2935
	10400
	6749
	5427
	10871
	1283
	3162
	2862
	4952
	5770
	2739
	1725
	5004
	420
	10796
	7420
}
-=| Cluster: 0053 |=-
[Elements: 24]
{
	10477
	8603
	58
	10272
	8736
	7900
	230
	1512
	10948
	6019
	1544
	701
	9070
	9272
	4227
	5792
	6411
	6403
	783
	8634
	5925
	4488
	5426
	9513
}
-=| Cluster: 0054 |=-
[Elements: 23]
{
	1117
	5132
	2317
	5852
	168
	6581
	9071
	3491
	10266
	7286
	2014
	7599
	9895
	8353
	949
	4970
	8566
	8773
	10626
	6289
	2878
	10875
	5119
}
-=| Cluster: 0055 |=-
[Elements: 36]
{
	10149
	4173
	7203
	3337
	3105
	1667
	5742
	8439
	1889
	3129
	8703
	10463
	9096
	10186
	4147
	9584
	10942
	5244
	1933
	2730
	4453
	8717
	7099
	10082
	10559
	8325
	2598
	10558
	2447
	9744
	4433
	5096
	7538
	4304
	3322
	5382
}
-=| Cluster: 0056 |=-
[Elements: 38]
{
	6809
	7596
	3232
	6558
	8299
	1704
	2237
	1951
	1532
	9762
	2209
	10224
	6930
	9278
	7534
	10773
	1242
	6476
	8106
	4271
	316
	1169
	2828
	3125
	1861
	1821
	3573
	5069
	9355
	1691
	4752
	2350
	8637
	9946
	2638
	119
	4960
	7936
}
-=| Cluster: 0057 |=-
[Elements: 35]
{
	1342
	3126
	3569
	7228
	2274
	6202
	7486
	5736
	4620
	6214
	10191
	10720
	2369
	3605
	7171
	9939
	4172
	7108
	1428
	6988
	5903
	6123
	3058
	2398
	4886
	3038
	4850
	4050
	9602
	5611
	3853
	4878
	1085
	8526
	5000
}
-=| Cluster: 0058 |=-
[Elements: 40]
{
	10316
	9911
	905
	5482
	7409
	1921
	10332
	10729
	4245
	4219
	2743
	4748
	9300
	8248
	3169
	7425
	7785
	10950
	6363
	3828
	9646
	3665
	2446
	196
	684
	8381
	4491
	434
	10340
	7462
	5329
	4999
	4916
	1986
	9117
	3206
	9026
	8696
	2156
	2277
}
-=| Cluster: 0059 |=-
[Elements: 35]
{
	260
	1199
	4123
	2747
	4232
	5640
	6245
	4450
	7180
	6643
	1854
	6791
	1553
	6522
	10780
	2502
	373
	7334
	4399
	5113
	8156
	9683
	10209
	105
	10967
	7640
	11020
	6501
	8765
	1611
	2647
	10150
	279
	10664
	8545
}
-=| Cluster: 0060 |=-
[Elements: 39]
{
	7846
	7079
	7663
	10120
	4803
	6936
	10660
	831
	2801
	1695
	2325
	4843
	1545
	9487
	3451
	586
	8053
	7078
	7604
	10719
	10802
	7476
	7464
	9780
	6582
	6288
	4738
	2322
	8425
	4995
	7358
	4695
	455
	3424
	1397
	8255
	6921
	8727
	4528
}
-=| Cluster: 0061 |=-
[Elements: 38]
{
	7164
	10154
	8879
	5480
	4578
	3185
	8877
	8057
	10343
	11064
	1275
	7526
	690
	7729
	5040
	3064
	8342
	1272
	9557
	4292
	2486
	5236
	3782
	1288
	8510
	2845
	7305
	305
	432
	10265
	9685
	3134
	1752
	11008
	3760
	8561
	7556
	6120
}
-=| Cluster: 0062 |=-
[Elements: 37]
{
	10784
	6388
	9707
	1703
	4542
	3469
	8351
	10227
	6260
	4362
	5934
	205
	4108
	8214
	5365
	7282
	2929
	3778
	8678
	4502
	3087
	1649
	163
	2914
	6211
	5398
	3047
	5706
	2285
	5576
	7843
	610
	8278
	5374
	3061
	10138
	3438
}
-=| Cluster: 0063 |=-
[Elements: 10]
{
	3881
	7507
	8907
	10362
	2682
	1123
	8372
	596
	6499
	6067
}
-=| Cluster: 0064 |=-
[Elements: 9]
{
	2836
	6071
	38
	9379
	5709
	1261
	6578
	3813
	1601
}
-=| Cluster: 0065 |=-
[Elements: 7]
{
	2605
	7440
	5638
	10941
	326
	9715
	11069
}
-=| Cluster: 0066 |=-
[Elements: 2]
{
	6673
	9275
}
-=| Cluster: 0067 |=-
[Elements: 9]
{
	112
	7025
	7224
	3203
	2627
	7119
	9720
	7427
	3319
}
-=| Cluster: 0068 |=-
[Elements: 10]
{
	3733
	5419
	10446
	9388
	6972
	3462
	10456
	9918
	8357
	4808
}
-=| Cluster: 0069 |=-
[Elements: 9]
{
	7468
	7093
	10682
	4146
	4986
	1140
	3067
	8486
	3914
}
-=| Cluster: 0070 |=-
[Elements: 9]
{
	10384
	1328
	9885
	3842
	635
	2553
	7392
	8644
	4677
}
-=| Cluster: 0071 |=-
[Elements: 9]
{
	9391
	447
	2037
	6475
	10305
	2761
	8828
	1198
	1102
}
-=| Cluster: 0072 |=-
[Elements: 23]
{
	1039
	10779
	1457
	6992
	6462
	1387
	42
	4480
	1304
	3848
	3542
	5794
	6224
	10107
	4361
	2556
	5737
	918
	6144
	4805
	7167
	5438
	7820
}
-=| Cluster: 0073 |=-
[Elements: 22]
{
	9412
	7452
	4992
	8484
	291
	6368
	5289
	9360
	10963
	5413
	6703
	2615
	2050
	5106
	8944
	310
	743
	10689
	10610
	8102
	5878
	377
}
-=| Cluster: 0074 |=-
[Elements: 23]
{
	3490
	3140
	10197
	7548
	4224
	7254
	8075
	568
	9196
	6683
	5416
	10263
	10621
	4389
	92
	7205
	5831
	3341
	6875
	161
	7100
	7218
	369
}
-=| Cluster: 0075 |=-
[Elements: 23]
{
	4834
	795
	9089
	4419
	7815
	4910
	9370
	6203
	9198
	4987
	9674
	677
	5602
	4806
	9861
	2442
	5779
	1824
	5626
	435
	9237
	5041
	251
}
-=| Cluster: 0076 |=-
[Elements: 23]
{
	10798
	9933
	10239
	4550
	1001
	8653
	3116
	6904
	4485
	289
	7574
	2578
	7308
	8288
	9327
	8122
	10183
	6100
	2399
	3701
	7762
	5299
	2286
}
-=| Cluster: 0077 |=-
[Elements: 22]
{
	3886
	8313
	4153
	1414
	7662
	4963
	8268
	6711
	6570
	11006
	10364
	10172
	6877
	6125
	2353
	493
	5334
	8868
	9290
	9835
	10423
	7693
}
-=| Cluster: 0078 |=-
[Elements: 22]
{
	8798
	1647
	10148
	10543
	1150
	10726
	7661
	8311
	4163
	5093
	2191
	10587
	1836
	8376
	8553
	5143
	1023
	10837
	10596
	5719
	2077
	8587
}
-=| Cluster: 0079 |=-
[Elements: 24]
{
	6006
	2537
	2303
	7517
	2552
	7243
	10589
	8014
	9598
	5369
	3329
	3072
	3694
	6686
	10122
	9538
	1081
	821
	6208
	10034
	6483
	9845
	6273
	1811
}
-=| Cluster: 0080 |=-
[Elements: 22]
{
	10771
	160
	7967
	9755
	4989
	3343
	10168
	2500
	296
	6424
	5006
	4994
	1805
	3019
	1761
	787
	7881
	4751
	1679
	3849
	2649
	273
}
-=| Cluster: 0081 |=-
[Elements: 21]
{
	4586
	5226
	9848
	5910
	7597
	9048
	10859
	3008
	5025
	9244
	8605
	2909
	7153
	5821
	10524
	1471
	6879
	2168
	2282
	5511
	9567
}
-=| Cluster: 0082 |=-
[Elements: 21]
{
	224
	217
	2533
	4057
	2545
	3637
	2154
	10656
	3237
	7151
	1022
	5791
	9944
	3373
	3597
	423
	508
	1183
	3188
	9679
	9975
}
-=| Cluster: 0083 |=-
[Elements: 21]
{
	842
	1543
	3433
	9333
	91
	7253
	9411
	6130
	4782
	6505
	5617
	8173
	2257
	2392
	11068
	10474
	5826
	9903
	8051
	5539
	5861
}
-=| Cluster: 0084 |=-
[Elements: 21]
{
	6232
	10789
	9050
	8367
	1182
	10095
	4525
	2244
	1253
	1786
	2633
	5421
	4665
	4257
	2110
	1879
	4810
	1143
	3104
	4260
	1215
}
-=| Cluster: 0085 |=-
[Elements: 20]
{
	8657
	6640
	8402
	3144
	7683
	10876
	3288
	4917
	2483
	5629
	9021
	5781
	8058
	3437
	7274
	6945
	5693
	3963
	6843
	4417
}
-=| Cluster: 0086 |=-
[Elements: 21]
{
	2300
	1072
	6871
	2172
	10924
	9748
	2228
	3938
	10152
	5455
	4651
	9899
	9013
	4733
	8585
	2791
	10020
	111
	4875
	10467
	4053
}
-=| Cluster: 0087 |=-
[Elements: 23]
{
	10021
	8309
	6334
	3784
	7405
	9917
	1490
	10584
	9377
	4160
	2419
	6944
	1020
	6313
	772
	3789
	9463
	7404
	5239
	155
	10190
	9821
	7776
}
-=| Cluster: 0088 |=-
[Elements: 8]
{
	8981
	259
	3862
	5954
	10182
	5493
	10590
	1259
}
-=| Cluster: 0089 |=-
[Elements: 14]
{
	4908
	7024
	3977
	1191
	3218
	10417
	7324
	1079
	3331
	7239
	4346
	3545
	216
	609
}
-=| Cluster: 0090 |=-
[Elements: 22]
{
	4463
	2223
	2912
	208
	3929
	6039
	10432
	5100
	10804
	5243
	6387
	8856
	2259
	4040
	5086
	5998
	816
	5590
	3714
	7307
	3145
	521
}
-=| Cluster: 0091 |=-
[Elements: 22]
{
	1113
	10791
	756
	8668
	6400
	6705
	5335
	172
	5859
	7135
	4368
	6764
	1722
	3384
	3719
	10385
	1157
	5858
	10674
	0
	1486
	9611
}
-=| Cluster: 0092 |=-
[Elements: 22]
{
	623
	9595
	8917
	397
	8437
	9628
	7829
	924
	10593
	7295
	9326
	2660
	2668
	9000
	10064
	1920
	6924
	4670
	9528
	2357
	10565
	5575
}
-=| Cluster: 0093 |=-
[Elements: 11]
{
	6507
	4852
	741
	7987
	1804
	3978
	11012
	5475
	10047
	7292
	5356
}
-=| Cluster: 0094 |=-
[Elements: 11]
{
	2725
	5854
	4171
	1132
	7095
	4504
	6624
	3588
	7606
	6147
	6826
}
-=| Cluster: 0095 |=-
[Elements: 22]
{
	4606
	4065
	6824
	281
	9919
	2355
	8394
	3522
	4472
	3935
	308
	8080
	2132
	3909
	341
	951
	9881
	4835
	49
	3115
	3775
	808
}
-=| Cluster: 0096 |=-
[Elements: 24]
{
	10530
	424
	4444
	1049
	670
	5749
	10106
	907
	6391
	8900
	7017
	3728
	769
	2159
	4197
	3900
	6504
	9775
	2252
	8806
	7016
	3561
	8839
	542
}
-=| Cluster: 0097 |=-
[Elements: 20]
{
	9853
	10160
	10692
	2910
	5295
	6923
	1131
	1211
	5740
	5373
	8597
	603
	878
	6787
	3200
	10669
	5007
	6610
	3621
	9135
}
-=| Cluster: 0098 |=-
[Elements: 22]
{
	4411
	5279
	4301
	10492
	1077
	2003
	7325
	419
	7445
	3619
	4611
	8671
	602
	1573
	601
	5247
	2723
	1504
	9875
	7800
	3457
	8136
}
-=| Cluster: 0099 |=-
[Elements: 22]
{
	1973
	5525
	1938
	2946
	6878
	11062
	4484
	9309
	4071
	5042
	8495
	5197
	6350
	5277
	4804
	9399
	1842
	929
	950
	604
	7589
	8816
}
-=| Cluster: 0100 |=-
[Elements: 22]
{
	5713
	4892
	8383
	10984
	5178
	7760
	5926
	6580
	1983
	1152
	7511
	1574
	675
	156
	66
	9447
	3486
	9470
	2427
	3183
	6256
	6852
}
-=| Cluster: 0101 |=-
[Elements: 22]
{
	416
	8241
	887
	6141
	4106
	8158
	8028
	10712
	9008
	8055
	851
	9641
	926
	4764
	3318
	166
	10508
	8390
	5286
	8874
	7582
	10010
}
-=| Cluster: 0102 |=-
[Elements: 23]
{
	9046
	5260
	3387
	10622
	3995
	10214
	24
	767
	6905
	10076
	8128
	2771
	10502
	8379
	4214
	2076
	3368
	6116
	9797
	5134
	2663
	10398
	4818
}
-=| Cluster: 0103 |=-
[Elements: 23]
{
	3063
	2702
	8157
	3399
	1767
	5529
	6913
	1935
	3089
	4940
	2701
	5661
	1513
	8346
	4945
	6068
	5056
	4659
	5139
	1672
	5198
	389
	7638
}
-=| Cluster: 0104 |=-
[Elements: 21]
{
	10734
	10162
	9109
	9631
	7550
	9547
	6044
	7690
	6468
	6166
	5645
	11026
	4951
	10687
	2038
	7442
	7636
	10974
	4490
	5333
	11005
}
-=| Cluster: 0105 |=-
[Elements: 21]
{
	10287
	4644
	9473
	7263
	1807
	2814
	598
	10286
	1790
	4801
	6601
	6062
	4209
	440
	145
	3890
	6552
	653
	828
	6298
	4832
}
-=| Cluster: 0106 |=-
[Elements: 22]
{
	1021
	5418
	4862
	774
	9851
	742
	2216
	7070
	4347
	6937
	9519
	10419
	10291
	9763
	1953
	3911
	10903
	8710
	10668
	2018
	5844
	6830
}
-=| Cluster: 0107 |=-
[Elements: 21]
{
	2203
	7008
	3590
	5907
	2572
	10487
	7637
	2454
	664
	760
	5059
	10276
	5021
	836
	9155
	5753
	5420
	5681
	3137
	8189
	7784
}
-=| Cluster: 0108 |=-
[Elements: 22]
{
	5363
	3148
	8763
	9416
	4500
	10457
	4711
	7655
	4981
	6357
	8733
	6401
	8956
	7107
	5578
	9162
	4530
	10678
	8209
	7019
	6344
	9190
}
-=| Cluster: 0109 |=-
[Elements: 22]
{
	7868
	2133
	2712
	72
	10713
	2335
	7002
	7116
	6942
	8110
	9401
	454
	9380
	6857
	8221
	9361
	1129
	1390
	8958
	10866
	9967
	5276
}
-=| Cluster: 0110 |=-
[Elements: 15]
{
	9163
	1181
	5261
	6906
	4116
	4544
	832
	6801
	4556
	3681
	1263
	9281
	6836
	2440
	3336
}
-=| Cluster: 0111 |=-
[Elements: 7]
{
	2736
	4295
	578
	7757
	1202
	5872
	6008
}
-=| Cluster: 0112 |=-
[Elements: 21]
{
	5051
	3470
	8787
	7543
	4390
	7229
	6237
	6306
	9570
	7288
	6317
	5815
	7823
	2233
	9121
	7750
	1382
	8186
	182
	8954
	8738
}
-=| Cluster: 0113 |=-
[Elements: 7]
{
	5029
	6243
	2612
	8170
	7593
	8533
	932
}
-=| Cluster: 0114 |=-
[Elements: 14]
{
	7497
	958
	5653
	1617
	3408
	2778
	10632
	3083
	645
	9248
	10806
	5
	8465
	10346
}
-=| Cluster: 0115 |=-
[Elements: 21]
{
	3530
	5618
	2321
	5899
	3131
	3923
	964
	6190
	894
	7999
	3870
	9225
	10109
	3936
	7689
	4798
	2640
	10436
	10280
	4135
	1308
}
-=| Cluster: 0116 |=-
[Elements: 23]
{
	2448
	173
	4213
	8513
	6566
	1065
	613
	8005
	8711
	7102
	1427
	7920
	4590
	1470
	4348
	4276
	5982
	6393
	9643
	6172
	747
	6846
	5867
}
-=| Cluster: 0117 |=-
[Elements: 22]
{
	3550
	5043
	9471
	7945
	8919
	3499
	2875
	6677
	9936
	5407
	9872
	7854
	7021
	9927
	8284
	8524
	8937
	4830
	2911
	5110
	10124
	9420
}
-=| Cluster: 0118 |=-
[Elements: 23]
{
	10627
	6467
	7043
	6458
	2062
	4720
	9314
	4956
	116
	4247
	2694
	357
	6262
	566
	4001
	4067
	7310
	7959
	3146
	6763
	3221
	8215
	1381
}
-=| Cluster: 0119 |=-
[Elements: 22]
{
	7077
	9003
	10834
	8693
	3099
	4201
	6603
	9673
	6293
	3012
	264
	6484
	8963
	10232
	5182
	5841
	2081
	8056
	9985
	4387
	6885
	7839
}
-=| Cluster: 0120 |=-
[Elements: 23]
{
	3648
	9501
	8
	7246
	5120
	7150
	6973
	1400
	5537
	10820
	3654
	8895
	2688
	4762
	9782
	4906
	2040
	1896
	4652
	4062
	4458
	6418
	9305
}
-=| Cluster: 0121 |=-
[Elements: 22]
{
	6626
	471
	9392
	10442
	5505
	5121
	7362
	4887
	7587
	2600
	3066
	617
	7816
	3788
	10133
	5969
	10194
	9130
	6861
	2894
	7735
	10075
}
-=| Cluster: 0122 |=-
[Elements: 22]
{
	3817
	754
	4360
	3657
	1203
	5937
	10582
	428
	7014
	464
	2379
	330
	3622
	457
	5337
	9653
	7248
	5306
	10653
	2193
	1917
	1892
}
-=| Cluster: 0123 |=-
[Elements: 23]
{
	9296
	5622
	1866
	7990
	3695
	3764
	4085
	8752
	3317
	557
	3244
	10318
	4792
	1566
	865
	4890
	3673
	2124
	4254
	4167
	2860
	2906
	7801
}
-=| Cluster: 0124 |=-
[Elements: 22]
{
	10995
	10996
	4429
	2245
	8327
	4771
	10393
	9796
	5562
	6136
	8989
	337
	7389
	5686
	7694
	2458
	5409
	5659
	9247
	5607
	5144
	4750
}
-=| Cluster: 0125 |=-
[Elements: 22]
{
	10484
	1354
	1819
	2856
	9286
	9302
	10450
	2575
	2199
	10235
	1277
	3599
	1364
	824
	7898
	4336
	10113
	519
	5080
	9757
	961
	8078
}
-=| Cluster: 0126 |=-
[Elements: 22]
{
	399
	2360
	10244
	10878
	11024
	1689
	10479
	7648
	1190
	6818
	11001
	7850
	9277
	9
	3641
	4714
	2153
	7287
	8489
	1680
	3243
	4064
}
-=| Cluster: 0127 |=-
[Elements: 22]
{
	10453
	8679
	1718
	2592
	6674
	916
	10387
	3376
	8300
	9760
	4275
	5203
	8490
	10705
	5964
	7316
	3635
	1918
	2512
	8326
	4119
	1759
}
-=| Cluster: 0128 |=-
[Elements: 22]
{
	6908
	8090
	6823
	4044
	8931
	7040
	571
	6464
	7518
	8667
	6918
	2478
	6179
	1394
	8175
	527
	10085
	8498
	10458
	4979
	7340
	5708
}
-=| Cluster: 0129 |=-
[Elements: 22]
{
	9627
	7098
	7647
	10246
	9287
	3683
	10238
	8532
	9249
	9795
	2288
	3671
	1499
	9960
	3586
	5397
	4729
	6425
	7924
	9541
	98
	952
}
-=| Cluster: 0130 |=-
[Elements: 23]
{
	1379
	1125
	10885
	3941
	2806
	3184
	8024
	10475
	6866
	3215
	823
	3014
	10912
	637
	8939
	9269
	1494
	10658
	7300
	2030
	4467
	10167
	1178
}
-=| Cluster: 0131 |=-
[Elements: 22]
{
	5298
	5705
	3624
	5503
	10030
	6998
	1122
	8757
	10351
	5274
	11011
	4358
	130
	2757
	4845
	9571
	3173
	9703
	2039
	10293
	3112
	4706
}
-=| Cluster: 0132 |=-
[Elements: 22]
{
	10897
	3070
	2348
	174
	1608
	4363
	3960
	4577
	7675
	2152
	5620
	8807
	5347
	2924
	10375
	6553
	6551
	7052
	7874
	1873
	301
	3231
}
-=| Cluster: 0133 |=-
[Elements: 22]
{
	8890
	125
	2981
	3592
	2586
	540
	10828
	3270
	7897
	7752
	5564
	10178
	9216
	817
	2066
	8119
	10278
	8911
	8329
	5422
	4866
	5793
}
-=| Cluster: 0134 |=-
[Elements: 22]
{
	4129
	10576
	5127
	479
	1099
	9998
	8720
	5225
	7327
	9931
	478
	7925
	6943
	5362
	3356
	9394
	7033
	3961
	3709
	1676
	1756
	8045
}
-=| Cluster: 0135 |=-
[Elements: 21]
{
	2811
	10132
	8804
	1686
	6259
	6231
	10236
	3843
	403
	2581
	10114
	9343
	9001
	3153
	8725
	2787
	4376
	998
	4009
	8855
	5003
}
-=| Cluster: 0136 |=-
[Elements: 22]
{
	2057
	8337
	975
	3220
	9481
	6568
	3785
	3006
	9546
	1720
	1349
	5167
	505
	3053
	2009
	1623
	4400
	8811
	5633
	331
	10872
	10638
}
-=| Cluster: 0137 |=-
[Elements: 22]
{
	8180
	395
	1350
	8631
	10774
	8004
	6105
	6132
	9450
	9504
	7551
	283
	3016
	5572
	188
	5343
	6165
	1078
	8887
	5650
	444
	553
}
-=| Cluster: 0138 |=-
[Elements: 23]
{
	27
	5434
	6752
	5336
	4407
	8345
	115
	9441
	7386
	10517
	22
	7058
	309
	1438
	10595
	5715
	1472
	62
	9947
	8622
	1345
	3160
	533
}
-=| Cluster: 0139 |=-
[Elements: 21]
{
	9338
	3933
	5255
	1255
	5215
	2957
	7732
	128
	2687
	10381
	8529
	5596
	8542
	8833
	4052
	7703
	9193
	3822
	6727
	9682
	4548
}
-=| Cluster: 0140 |=-
[Elements: 21]
{
	9103
	6487
	7802
	35
	2212
	5005
	1697
	10807
	8137
	6959
	8451
	8712
	10603
	896
	10994
	2624
	8964
	5697
	11031
	10562
	6428
}
-=| Cluster: 0141 |=-
[Elements: 21]
{
	8452
	5328
	1666
	3465
	1492
	8737
	1346
	3912
	2391
	9022
	268
	11070
	10199
	9180
	2930
	6037
	7960
	1639
	2016
	8541
	7961
}
-=| Cluster: 0142 |=-
[Elements: 21]
{
	7488
	7615
	7889
	8614
	2262
	3050
	7903
	5137
	6168
	955
	1880
	1519
	3574
	3502
	9476
	7512
	2858
	2765
	2604
	5874
	7862
}
-=| Cluster: 0143 |=-
[Elements: 21]
{
	987
	70
	5102
	3759
	282
	4131
	6634
	11071
	5809
	3411
	1863
	680
	630
	10767
	3957
	6810
	1723
	5979
	4747
	7499
	7798
}
-=| Cluster: 0144 |=-
[Elements: 22]
{
	3570
	7257
	10765
	1646
	459
	4529
	5889
	8280
	10698
	4942
	7011
	121
	9548
	7970
	7015
	1636
	8073
	788
	5410
	6435
	1923
	5392
}
-=| Cluster: 0145 |=-
[Elements: 23]
{
	6710
	2938
	3603
	6408
	5136
	8734
	1582
	10169
	9823
	7035
	2254
	1439
	3017
	10613
	4475
	9410
	9409
	6471
	8847
	9467
	5204
	4812
	6161
}
-=| Cluster: 0146 |=-
[Elements: 7]
{
	1589
	7359
	5456
	10229
	1042
	7345
	11037
}
-=| Cluster: 0147 |=-
[Elements: 16]
{
	5466
	7778
	2653
	4980
	6295
	702
	7444
	10794
	1510
	6279
	4727
	9950
	5863
	10965
	4132
	7739
}
-=| Cluster: 0148 |=-
[Elements: 24]
{
	7104
	4357
	4608
	7873
	10331
	1495
	3400
	8443
	2475
	4564
	2529
	947
	8921
	900
	199
	108
	10699
	2006
	7232
	1713
	5192
	7579
	6073
	10140
}
-=| Cluster: 0149 |=-
[Elements: 22]
{
	7794
	10324
	10308
	988
	1827
	2808
	5388
	3295
	7467
	2631
	5216
	6390
	1929
	8267
	1103
	10959
	2564
	9515
	6381
	433
	3989
	2670
}
-=| Cluster: 0150 |=-
[Elements: 22]
{
	1868
	2177
	6229
	6111
	3629
	5606
	3109
	5160
	10860
	4741
	5234
	6332
	8946
	1616
	4110
	5081
	10135
	3552
	1341
	1928
	7003
	3170
}
-=| Cluster: 0151 |=-
[Elements: 22]
{
	8645
	10299
	10987
	9803
	10345
	5296
	6235
	879
	9650
	9556
	2115
	10633
	6215
	9488
	8940
	1216
	2260
	4655
	2334
	3055
	834
	5656
}
-=| Cluster: 0152 |=-
[Elements: 21]
{
	2330
	764
	3691
	6339
	8789
	4725
	5468
	2784
	3068
	7860
	1778
	10004
	1161
	2147
	6713
	214
	3815
	7492
	8511
	8397
	3385
}
-=| Cluster: 0153 |=-
[Elements: 21]
{
	8245
	10397
	2220
	4627
	7083
	7199
	2240
	7607
	552
	5824
	512
	6881
	9938
	7487
	1814
	6014
	6182
	5714
	6806
	7132
	3407
}
-=| Cluster: 0154 |=-
[Elements: 23]
{
	1167
	762
	5133
	6576
	3636
	6330
	1607
	5532
	5038
	7001
	5814
	5730
	4459
	1177
	3479
	7852
	7265
	5063
	9659
	6769
	10553
	8494
	4921
}
-=| Cluster: 0155 |=-
[Elements: 22]
{
	8306
	3354
	7665
	3259
	10294
	10100
	3273
	1702
	5500
	2908
	4975
	10310
	8991
	7313
	2499
	7857
	2374
	2509
	6655
	10302
	9818
	6027
}
-=| Cluster: 0156 |=-
[Elements: 23]
{
	10741
	5721
	2293
	2966
	5551
	157
	7090
	5380
	8336
	2841
	6275
	3758
	6594
	8508
	10544
	3175
	8774
	312
	1644
	4469
	8203
	10927
	8259
}
-=| Cluster: 0157 |=-
[Elements: 15]
{
	3276
	9614
	2099
	1137
	4186
	2589
	2651
	8625
	6112
	9222
	2214
	7023
	10909
	4597
	9263
}
-=| Cluster: 0158 |=-
[Elements: 6]
{
	8961
	8663
	8620
	8781
	8785
	8978
}
-=| Cluster: 0159 |=-
[Elements: 21]
{
	9774
	3090
	2763
	8908
	3350
	9166
	8705
	302
	9439
	2309
	2634
	9149
	8924
	3286
	2950
	2069
	9907
	506
	9303
	118
	9508
}
-=| Cluster: 0160 |=-
[Elements: 22]
{
	3707
	1184
	8762
	3946
	5743
	4181
	407
	730
	18
	1281
	7388
	936
	5521
	3816
	4058
	265
	11036
	2900
	5628
	862
	1166
	485
}
-=| Cluster: 0161 |=-
[Elements: 22]
{
	10654
	6510
	908
	7306
	8269
	10906
	8506
	218
	2542
	2890
	3580
	7702
	10270
	1389
	9671
	10783
	1449
	8387
	4584
	8628
	8624
	5039
}
-=| Cluster: 0162 |=-
[Elements: 22]
{
	5940
	10090
	695
	1016
	2531
	9274
	11074
	10641
	9700
	9301
	9354
	883
	532
	1870
	7188
	10156
	10420
	1163
	3366
	8066
	8906
	4959
}
-=| Cluster: 0163 |=-
[Elements: 23]
{
	1195
	1224
	3888
	1104
	2151
	10546
	573
	4744
	6719
	3351
	2544
	3571
	1989
	10586
	5170
	5378
	132
	10708
	1721
	8021
	10892
	3562
	7523
}
-=| Cluster: 0164 |=-
[Elements: 22]
{
	2767
	4514
	2652
	1330
	660
	2654
	6790
	4506
	10764
	2314
	2893
	2579
	2838
	2460
	7748
	8178
	1988
	2249
	5991
	7312
	4822
	2506
}
-=| Cluster: 0165 |=-
[Elements: 23]
{
	1058
	8292
	10342
	10594
	10850
	4248
	1595
	3976
	8046
	5012
	2067
	6811
	11051
	1227
	6926
	4993
	5064
	4230
	294
	2807
	10988
	10672
	1412
}
-=| Cluster: 0166 |=-
[Elements: 21]
{
	2428
	10991
	3487
	9587
	10391
	3656
	10901
	3887
	8675
	3554
	9044
	10204
	4937
	8059
	959
	3445
	10035
	6977
	7943
	6482
	3800
}
-=| Cluster: 0167 |=-
[Elements: 23]
{
	5600
	2122
	5202
	6962
	9916
	2112
	151
	7319
	8388
	84
	6912
	7858
	1383
	9639
	34
	4776
	4678
	3093
	726
	6827
	6616
	8540
	1764
}
-=| Cluster: 0168 |=-
[Elements: 22]
{
	7055
	10029
	3716
	6679
	5308
	1631
	6009
	5166
	8795
	1876
	314
	631
	9077
	9529
	1239
	4519
	9926
	10624
	6665
	5810
	10728
	9116
}
-=| Cluster: 0169 |=-
[Elements: 22]
{
	914
	5624
	3578
	9081
	2020
	3043
	966
	3585
	7736
	1064
	3396
	4985
	43
	4663
	8609
	9206
	8493
	5974
	9389
	5777
	9095
	9651
}
-=| Cluster: 0170 |=-
[Elements: 22]
{
	3721
	7810
	10949
	10839
	3952
	8745
	9652
	632
	3827
	1621
	7743
	9054
	5310
	9330
	5390
	4060
	162
	6956
	3968
	2189
	3161
	2715
}
-=| Cluster: 0171 |=-
[Elements: 22]
{
	3809
	10065
	751
	4305
	2113
	600
	1663
	5990
	1948
	3829
	9980
	8853
	9951
	10721
	2903
	7091
	10022
	8404
	9555
	2549
	4326
	8392
}
-=| Cluster: 0172 |=-
[Elements: 21]
{
	2336
	5122
	425
	7930
	5389
	7559
	7317
	5652
	5912
	7175
	1266
	4988
	5251
	920
	4497
	7742
	5517
	547
	8916
	5782
	7366
}
-=| Cluster: 0173 |=-
[Elements: 23]
{
	6031
	2902
	6574
	2400
	768
	6286
	10805
	7734
	8277
	6538
	2304
	4318
	4048
	5275
	10031
	6158
	8449
	6413
	8103
	9230
	6670
	9979
	7605
}
-=| Cluster: 0174 |=-
[Elements: 24]
{
	5670
	2613
	7812
	4138
	5772
	3417
	1445
	9403
	4684
	5180
	10112
	7073
	3967
	5972
	4933
	4155
	9509
	9625
	1498
	5019
	6915
	857
	4527
	8528
}
-=| Cluster: 0175 |=-
[Elements: 20]
{
	5571
	2438
	8959
	2695
	6920
	4134
	8974
	11056
	10833
	2693
	1762
	4120
	4020
	3141
	3378
	8780
	226
	5945
	2182
	2507
}
-=| Cluster: 0176 |=-
[Elements: 22]
{
	6979
	4291
	6599
	9912
	6666
	4545
	4797
	5393
	4371
	3251
	9583
	7198
	4168
	2101
	6789
	4422
	4674
	1101
	3475
	4561
	10865
	4195
}
-=| Cluster: 0177 |=-
[Elements: 22]
{
	3959
	4891
	6457
	1060
	3546
	9984
	5738
	5245
	6207
	7907
	9522
	5048
	1415
	1719
	8382
	10557
	8331
	10141
	10505
	2022
	5404
	1010
}
-=| Cluster: 0178 |=-
[Elements: 3]
{
	4029
	5981
	2441
}
-=| Cluster: 0179 |=-
[Elements: 18]
{
	1625
	1329
	1922
	3725
	338
	982
	10936
	10735
	10599
	2383
	8575
	5302
	5778
	6707
	6720
	9217
	7771
	10539
}
-=| Cluster: 0180 |=-
[Elements: 23]
{
	1675
	6724
	6200
	10313
	7789
	7380
	8358
	1576
	79
	9118
	319
	6139
	9015
	10454
	1853
	9484
	2716
	5346
	4193
	2284
	6005
	4632
	8347
}
-=| Cluster: 0181 |=-
[Elements: 9]
{
	5411
	898
	4350
	8343
	4780
	5001
	2625
	3247
	5311
}
-=| Cluster: 0182 |=-
[Elements: 13]
{
	8569
	3993
	1968
	7855
	3081
	8068
	1846
	3300
	2940
	2033
	3208
	4165
	1708
}
-=| Cluster: 0183 |=-
[Elements: 22]
{
	10134
	874
	1189
	8562
	472
	9414
	3193
	8546
	10250
	9308
	5642
	3152
	9322
	4774
	7772
	2717
	6240
	2373
	8477
	6384
	6869
	5108
}
-=| Cluster: 0184 |=-
[Elements: 23]
{
	1823
	3794
	8658
	3452
	10567
	9754
	10008
	1282
	980
	1523
	2979
	1941
	2959
	1911
	3628
	7699
	9634
	1170
	4200
	9893
	1404
	10142
	1335
}
-=| Cluster: 0185 |=-
[Elements: 25]
{
	176
	2622
	2134
	10686
	3489
	9067
	9226
	2045
	9572
	3950
	9438
	2004
	1840
	2793
	5304
	799
	2318
	1479
	9092
	8966
	9358
	7653
	6835
	6285
	7909
}
-=| Cluster: 0186 |=-
[Elements: 21]
{
	3033
	9814
	822
	61
	8942
	7506
	5544
	8250
	6124
	90
	4593
	6741
	7856
	4403
	1370
	9696
	1111
	8231
	8842
	3739
	8808
}
-=| Cluster: 0187 |=-
[Elements: 20]
{
	8030
	2421
	3915
	4287
	4025
	892
	4730
	7255
	5454
	9311
	1144
	10684
	6423
	7568
	6064
	3430
	8085
	3477
	5360
	2880
}
-=| Cluster: 0188 |=-
[Elements: 22]
{
	5731
	10465
	2239
	11049
	8871
	746
	9681
	3320
	2603
	6126
	3448
	6360
	3868
	8786
	7626
	5707
	8101
	6546
	7886
	1603
	6481
	1041
}
-=| Cluster: 0189 |=-
[Elements: 22]
{
	1267
	7401
	5124
	332
	685
	8548
	9942
	9764
	3751
	2681
	2387
	2431
	10646
	3756
	9660
	5301
	4520
	3386
	10583
	7194
	5893
	280
}
-=| Cluster: 0190 |=-
[Elements: 22]
{
	716
	3028
	1602
	3349
	2051
	6213
	8768
	3222
	2217
	2915
	8689
	1634
	1747
	4310
	4073
	10659
	8432
	4543
	2263
	5037
	9028
	3398
}
-=| Cluster: 0191 |=-
[Elements: 21]
{
	7818
	8538
	448
	6712
	7525
	9265
	705
	4579
	4914
	765
	2377
	5353
	6939
	9667
	2227
	4873
	1436
	439
	4587
	7672
	2962
}
-=| Cluster: 0192 |=-
[Elements: 24]
{
	6766
	2596
	1391
	8095
	6723
	9518
	4097
	8142
	941
	11065
	2093
	1358
	1627
	3795
	8087
	10818
	1833
	10881
	3974
	1456
	3360
	5191
	5152
	1252
}
-=| Cluster: 0193 |=-
[Elements: 25]
{
	5725
	1278
	3700
	937
	3002
	7089
	4158
	4576
	5754
	7921
	5995
	10248
	2923
	3110
	8237
	2247
	9676
	3269
	6496
	4408
	1706
	2629
	9376
	10733
	2395
}
-=| Cluster: 0194 |=-
[Elements: 22]
{
	10870
	7290
	11045
	4858
	3404
	1048
	450
	6366
	10538
	6115
	3334
	6305
	16
	8659
	1635
	3176
	1062
	1828
	10202
	5379
	3372
	366
}
-=| Cluster: 0195 |=-
[Elements: 22]
{
	1124
	10476
	1905
	785
	1009
	9323
	10418
	8547
	5977
	8177
	7390
	3045
	2611
	5556
	1361
	2830
	2786
	8519
	9276
	2143
	2183
	2851
}
-=| Cluster: 0196 |=-
[Elements: 23]
{
	9953
	4366
	6345
	9419
	6682
	8500
	8141
	7124
	9991
	7913
	2517
	2117
	11053
	2169
	390
	3767
	682
	1565
	10910
	10491
	1228
	9594
	8458
}
-=| Cluster: 0197 |=-
[Elements: 24]
{
	10117
	706
	715
	5916
	11073
	6011
	10285
	5423
	953
	5058
	7434
	8923
	4876
	124
	290
	1409
	9313
	1405
	6662
	7231
	7500
	5580
	324
	2162
}
-=| Cluster: 0198 |=-
[Elements: 3]
{
	10058
	5933
	9271
}
-=| Cluster: 0199 |=-
[Elements: 21]
{
	10136
	5372
	8812
	2434
	3949
	2714
	9649
	9459
	3352
	6999
	5018
	5486
	8713
	154
	468
	7660
	6975
	4059
	4293
	689
	5615
}
-=| Cluster: 0200 |=-
[Elements: 23]
{
	7235
	8591
	5789
	7976
	4787
	1763
	10470
	6657
	2703
	4300
	8000
	11017
	2492
	4703
	123
	11019
	3010
	7196
	8608
	204
	4234
	1746
	4583
}
-=| Cluster: 0201 |=-
[Elements: 21]
{
	4456
	6744
	7478
	6911
	4946
	7121
	7326
	3607
	8020
	8446
	3772
	7984
	7368
	8633
	8699
	8722
	243
	6521
	3059
	8373
	5668
}
-=| Cluster: 0202 |=-
[Elements: 21]
{
	3713
	69
	11029
	10972
	6217
	7813
	7666
	9491
	1226
	7915
	441
	3633
	9629
	4024
	7082
	4080
	3264
	6509
	8244
	9259
	9978
}
-=| Cluster: 0203 |=-
[Elements: 21]
{
	877
	7635
	4604
	3892
	3476
	3898
	9672
	5876
	2289
	10000
	1729
	8936
	10736
	5608
	4002
	5313
	2120
	4249
	1395
	9990
	2583
}
-=| Cluster: 0204 |=-
[Elements: 21]
{
	10777
	4499
	8590
	9425
	1618
	1019
	3265
	9510
	5672
	7417
	4180
	6066
	5894
	1808
	8995
	4273
	8323
	1624
	7240
	3485
	9293
}
-=| Cluster: 0205 |=-
[Elements: 11]
{
	7629
	3427
	7613
	1656
	9114
	10441
	6690
	5319
	5635
	7053
	4836
}
-=| Cluster: 0206 |=-
[Elements: 10]
{
	10233
	585
	3793
	3493
	2394
	7720
	1311
	6090
	275
	9112
}
-=| Cluster: 0207 |=-
[Elements: 20]
{
	6177
	9181
	3428
	7034
	5053
	10496
	1687
	6159
	3602
	7330
	10439
	2559
	2107
	889
	4685
	8246
	3217
	10096
	7060
	499
}
-=| Cluster: 0208 |=-
[Elements: 20]
{
	10226
	6952
	7616
	1640
	899
	3595
	3780
	1770
	9512
	5129
	7565
	6935
	10606
	3712
	3450
	1743
	2844
	10570
	5609
	4192
}
-=| Cluster: 0209 |=-
[Elements: 20]
{
	6024
	5208
	7466
	10742
	2479
	3810
	3653
	6699
	10982
	9345
	6185
	8273
	6234
	7422
	2155
	10203
	8091
	5448
	3365
	1366
}
-=| Cluster: 0210 |=-
[Elements: 8]
{
	4314
	1388
	9341
	9578
	10282
	2571
	1151
	1318
}
-=| Cluster: 0211 |=-
[Elements: 29]
{
	3106
	5116
	6595
	6284
	4325
	4533
	5739
	3179
	5534
	1596
	6630
	8996
	5523
	6034
	2896
	4229
	6155
	6732
	1535
	6494
	7146
	509
	7214
	6353
	68
	17
	6016
	5237
	6714
}
-=| Cluster: 0212 |=-
[Elements: 38]
{
	6361
	8009
	10070
	6565
	4344
	4034
	6439
	7828
	9892
	4261
	1500
	1376
	9698
	7612
	7691
	7344
	8592
	7220
	7419
	8399
	8468
	9505
	7087
	1794
	1155
	4770
	383
	6813
	8886
	8294
	6220
	6892
	10315
	8185
	10259
	5074
	4212
	10579
}
-=| Cluster: 0213 |=-
[Elements: 36]
{
	5399
	6050
	5961
	1011
	5314
	3504
	6722
	9397
	8444
	2661
	7940
	2973
	515
	1289
	1714
	8193
	1798
	7708
	10023
	8015
	10461
	4761
	2305
	4974
	7411
	612
	10360
	1705
	6291
	7777
	4019
	5235
	10370
	4099
	2311
	9531
}
-=| Cluster: 0214 |=-
[Elements: 40]
{
	8589
	9119
	4922
	3611
	8349
	8234
	8415
	8932
	8114
	7995
	9007
	4690
	7859
	8760
	9207
	4553
	917
	10913
	7514
	2049
	298
	10739
	4708
	7212
	10813
	10042
	5452
	336
	10545
	536
	4737
	5326
	10430
	5183
	8825
	6561
	8571
	9252
	5054
	8701
}
-=| Cluster: 0215 |=-
[Elements: 13]
{
	9243
	7726
	8999
	4395
	1464
	2086
	7707
	8764
	6370
	9545
	4016
	3211
	10119
}
-=| Cluster: 0216 |=-
[Elements: 13]
{
	3548
	1482
	9424
	3207
	732
	4799
	9443
	5457
	3466
	7013
	10225
	8289
	6880
}
-=| Cluster: 0217 |=-
[Elements: 4]
{
	5364
	7630
	1138
	2609
}
-=| Cluster: 0218 |=-
[Elements: 17]
{
	10961
	8706
	1024
	2628
	10440
	3818
	6377
	10033
	7723
	4174
	3023
	10894
	3692
	6984
	4409
	2225
	6967
}
-=| Cluster: 0219 |=-
[Elements: 23]
{
	5429
	9592
	5595
	7144
	483
	8385
	10642
	9064
	8822
	9268
	10955
	5193
	8011
	7632
	4602
	7269
	915
	3321
	6032
	4894
	1410
	4255
	8384
}
-=| Cluster: 0220 |=-
[Elements: 22]
{
	4603
	7299
	8496
	10797
	85
	9063
	9125
	3422
	1386
	9205
	6469
	4898
	6647
	78
	7185
	3618
	4900
	995
	7044
	2867
	4857
	6646
}
-=| Cluster: 0221 |=-
[Elements: 22]
{
	718
	1309
	211
	2474
	3495
	3757
	1820
	6542
	7926
	1136
	10279
	4773
	7522
	2526
	1670
	4563
	10911
	9434
	9442
	659
	5834
	8377
}
-=| Cluster: 0222 |=-
[Elements: 21]
{
	9742
	10253
	9929
	3797
	7879
	7682
	3604
	7074
	3042
	9864
	7821
	9480
	10059
	8064
	8754
	10971
	9900
	2969
	1250
	6557
	9675
}
-=| Cluster: 0223 |=-
[Elements: 21]
{
	5641
	10129
	7413
	7197
	8113
	671
	7103
	6615
	6618
	7402
	2951
	6695
	7283
	7544
	2241
	3084
	2764
	852
	6887
	3369
	10438
}
-=| Cluster: 0224 |=-
[Elements: 22]
{
	8769
	9284
	1437
	56
	10608
	7209
	9159
	1940
	7988
	5246
	1241
	9139
	8619
	5655
	6367
	2226
	4274
	1109
	6336
	8556
	10506
	7384
}
-=| Cluster: 0225 |=-
[Elements: 23]
{
	10694
	2410
	3997
	10503
	8039
	10761
	10240
	10858
	2936
	551
	7333
	10262
	3826
	7912
	10379
	8155
	10744
	10877
	8870
	9582
	10569
	10046
	5469
}
-=| Cluster: 0226 |=-
[Elements: 23]
{
	8953
	7471
	2740
	7727
	5345
	4955
	5922
	6404
	3139
	5550
	7084
	495
	83
	9800
	7598
	5467
	5151
	5796
	5669
	7716
	7275
	886
	7200
}
-=| Cluster: 0227 |=-
[Elements: 23]
{
	9209
	8283
	1530
	2205
	2261
	4482
	11033
	8100
	4569
	522
	3601
	6550
	1225
	6995
	866
	5746
	9952
	1684
	11050
	804
	4317
	3171
	9332
}
-=| Cluster: 0228 |=-
[Elements: 21]
{
	5453
	1254
	7122
	6858
	10888
	3497
	10823
	2657
	525
	9194
	9374
	10577
	1025
	5020
	9364
	1116
	2338
	1741
	1515
	750
	8344
}
-=| Cluster: 0229 |=-
[Elements: 21]
{
	7294
	2802
	9855
	6389
	786
	9723
	1465
	6143
	9446
	286
	11059
	10831
	10693
	5034
	8092
	3649
	8374
	7353
	10471
	7994
	2356
}
-=| Cluster: 0230 |=-
[Elements: 21]
{
	7733
	3698
	9924
	3917
	4962
	4332
	6535
	4653
	6798
	187
	2211
	7006
	5217
	6639
	4207
	6407
	4831
	4515
	6667
	6933
	353
}
-=| Cluster: 0231 |=-
[Elements: 22]
{
	9550
	6281
	906
	8535
	5366
	1270
	1902
	8163
	1587
	4039
	6154
	4549
	3553
	6598
	1451
	1765
	2090
	1380
	6058
	3672
	11052
	2075
}
-=| Cluster: 0232 |=-
[Elements: 23]
{
	2565
	5283
	3964
	7922
	2738
	9954
	2085
	2918
	7892
	2731
	7848
	1188
	3650
	1754
	3729
	4558
	7639
	2885
	8224
	1936
	10808
	51
	1514
}
-=| Cluster: 0233 |=-
[Elements: 22]
{
	9632
	6910
	11014
	8973
	7457
	1637
	8291
	3684
	9738
	9099
	6443
	7088
	1306
	405
	4588
	3262
	8071
	9490
	9964
	6026
	2987
	9315
}
-=| Cluster: 0234 |=-
[Elements: 21]
{
	9221
	4767
	1946
	3361
	8929
	5683
	6169
	3079
	285
	3861
	8680
	1299
	2204
	1401
	5078
	5563
	4302
	6940
	10188
	10914
	9905
}
-=| Cluster: 0235 |=-
[Elements: 20]
{
	6989
	2443
	11002
	3035
	3302
	2281
	3540
	4965
	1906
	3235
	3252
	9506
	3157
	3274
	2094
	1771
	3370
	3666
	7916
	10039
}
-=| Cluster: 0236 |=-
[Elements: 24]
{
	359
	6948
	3660
	5830
	2218
	10455
	3040
	5547
	1045
	6917
	2206
	991
	6807
	8405
	4574
	4572
	2489
	3178
	3617
	9612
	6800
	4316
	8115
	6554
}
-=| Cluster: 0237 |=-
[Elements: 23]
{
	5623
	4382
	5495
	6436
	5443
	3830
	3224
	1207
	4072
	1555
	4315
	1554
	5543
	6488
	5643
	6974
	3579
	9840
	5253
	6980
	127
	3901
	4194
}
-=| Cluster: 0238 |=-
[Elements: 21]
{
	6195
	10549
	679
	7094
	6760
	2607
	5967
	1785
	9362
	7463
	4635
	734
	6379
	6689
	6841
	6010
	6955
	2677
	10311
	10165
	7935
}
-=| Cluster: 0239 |=-
[Elements: 22]
{
	10271
	7423
	10104
	9320
	10926
	1235
	1448
	8426
	1904
	8033
	317
	10845
	819
	8018
	9709
	4581
	3311
	5023
	1291
	1074
	10769
	10289
}
-=| Cluster: 0240 |=-
[Elements: 23]
{
	6352
	5561
	5498
	7741
	5358
	7364
	1830
	10066
	6301
	4183
	153
	1476
	4152
	209
	1156
	7400
	7085
	1453
	775
	1651
	2947
	8751
	2846
}
-=| Cluster: 0241 |=-
[Elements: 22]
{
	177
	940
	9741
	4393
	3287
	10710
	9406
	2163
	2683
	8777
	6441
	7490
	7668
	4323
	5612
	5691
	5224
	2464
	2351
	4496
	7280
	3523
}
-=| Cluster: 0242 |=-
[Elements: 23]
{
	9019
	4068
	7964
	2390
	10527
	1435
	672
	1580
	1480
	9254
	71
	5825
	2967
	9035
	1407
	2319
	6506
	10409
	8129
	4788
	6192
	3255
	7998
}
-=| Cluster: 0243 |=-
[Elements: 22]
{
	5415
	6613
	158
	438
	6472
	2194
	8314
	3693
	7277
	5836
	5501
	7482
	4777
	9167
	1835
	5992
	8901
	797
	10408
	5726
	5813
	3884
}
-=| Cluster: 0244 |=-
[Elements: 22]
{
	10717
	1295
	3335
	9934
	7193
	2452
	3446
	1890
	923
	1236
	28
	8076
	10009
	6609
	3316
	2942
	247
	9987
	9289
	2468
	1075
	3883
}
-=| Cluster: 0245 |=-
[Elements: 22]
{
	1135
	6018
	10663
	1792
	5548
	2593
	6822
	2477
	6001
	8133
	724
	6173
	3768
	3877
	4150
	10921
	221
	565
	53
	8581
	4669
	8534
}
-=| Cluster: 0246 |=-
[Elements: 22]
{
	5502
	3854
	4256
	7558
	3085
	8554
	1360
	6672
	2810
	1965
	11072
	4838
	8925
	9122
	3135
	7737
	3907
	4241
	7416
	7566
	1551
	9340
}
-=| Cluster: 0247 |=-
[Elements: 23]
{
	8570
	5375
	8104
	4306
	9806
	4476
	2088
	1223
	492
	2892
	4076
	5354
	848
	6745
	5026
	8263
	8998
	4272
	9585
	4425
	5971
	414
	6109
}
-=| Cluster: 0248 |=-
[Elements: 21]
{
	4719
	1229
	766
	2405
	3805
	3918
	8120
	9171
	1912
	6000
	1613
	9396
	593
	9038
	3096
	5307
	1815
	374
	6978
	7980
	9468
}
-=| Cluster: 0249 |=-
[Elements: 23]
{
	4043
	8318
	1850
	6965
	5636
	2236
	5803
	9078
	7918
	6687
	803
	2759
	3517
	5212
	644
	3922
	984
	4451
	4700
	5351
	10215
	10001
	1164
}
-=| Cluster: 0250 |=-
[Elements: 22]
{
	9191
	6091
	9201
	7030
	2879
	5597
	2315
	5014
	6883
	8249
	10317
	2991
	7840
	6241
	7370
	6083
	10347
	7536
	6197
	2034
	4851
	7341
}
-=| Cluster: 0251 |=-
[Elements: 23]
{
	9218
	6691
	5918
	4289
	11046
	1305
	5103
	5807
	5317
	2868
	7346
	5412
	10406
	1467
	4477
	6899
	5818
	6427
	2027
	9042
	4338
	1578
	9214
}
-=| Cluster: 0252 |=-
[Elements: 22]
{
	7036
	4118
	1978
	7510
	1593
	8943
	1205
	2718
	7977
	5980
	7415
	5941
	1843
	5405
	5868
	8418
	4755
	8588
	9084
	3236
	1536
	8436
}
-=| Cluster: 0253 |=-
[Elements: 21]
{
	7355
	1967
	9187
	8074
	5839
	3594
	4374
	8814
	9104
	9686
	5440
	1834
	8195
	3600
	2744
	7614
	3420
	6038
	9143
	3537
	5352
}
-=| Cluster: 0254 |=-
[Elements: 20]
{
	10679
	6721
	7585
	3705
	6440
	8676
	8723
	2264
	10766
	2820
	7192
	4781
	5030
	10353
	1384
	1398
	1788
	2459
	59
	9245
}
-=| Cluster: 0255 |=-
[Elements: 21]
{
	8054
	868
	2686
	1869
	4591
	8531
	10478
	8017
	10218
	1520
	9200
	228
	6605
	7594
	7768
	7448
	3981
	2734
	8160
	8430
	5801
}
-=| Cluster: 0256 |=-
[Elements: 20]
{
	2010
	197
	8480
	9777
	7884
	8364
	1516
	13
	919
	4042
	6162
	1459
	6478
	2672
	1026
	1626
	5430
	5330
	3266
	6223
}
-=| Cluster: 0257 |=-
[Elements: 21]
{
	8126
	10718
	3026
	8112
	10116
	6049
	7454
	362
	1302
	7931
	1577
	9039
	8395
	404
	10151
	1050
	4166
	86
	4679
	412
	6303
}
-=| Cluster: 0258 |=-
[Elements: 24]
{
	8319
	8682
	2279
	8913
	2416
	5489
	1560
	5159
	9746
	5439
	7747
	4339
	4471
	7617
	2799
	1600
	1478
	470
	7968
	8204
	10173
	192
	6081
	2869
}
-=| Cluster: 0259 |=-
[Elements: 23]
{
	3727
	4731
	1473
	1924
	2129
	8043
	6648
	3032
	7270
	6619
	421
	4596
	9433
	9292
	5546
	8914
	6076
	9869
	8972
	9648
	642
	8459
	10180
}
-=| Cluster: 0260 |=-
[Elements: 21]
{
	5748
	3857
	2992
	2215
	2873
	5098
	7725
	5282
	628
	2213
	1812
	89
	164
	460
	9613
	2326
	480
	3425
	1179
	3982
	3327
}
-=| Cluster: 0261 |=-
[Elements: 21]
{
	8116
	7700
	9234
	9596
	3290
	9830
	4658
	5435
	10893
	3920
	10241
	7165
	1783
	10551
	2580
	6700
	4447
	2632
	8564
	7329
	9497
}
-=| Cluster: 0262 |=-
[Elements: 22]
{
	304
	8800
	7251
	8109
	10840
	6893
	2532
	798
	2346
	5499
	10745
	9701
	2135
	1052
	6780
	6540
	5406
	7350
	365
	500
	1061
	9371
}
-=| Cluster: 0263 |=-
[Elements: 23]
{
	6868
	6645
	8595
	8038
	10073
	1995
	4352
	2692
	3205
	1314
	1097
	5695
	5856
	6579
	9976
	3435
	5370
	4082
	3906
	1559
	10468
	1234
	10497
}
-=| Cluster: 0264 |=-
[Elements: 22]
{
	9120
	3257
	4746
	10196
	1793
	3094
	6771
	4321
	3662
	7513
	8975
	8428
	10356
	8834
	8805
	2246
	10775
	6287
	1399
	3228
	9140
	3049
}
-=| Cluster: 0265 |=-
[Elements: 22]
{
	954
	3845
	8424
	9144
	7065
	5573
	8048
	1851
	10321
	2418
	1038
	9261
	9553
	10891
	5172
	1885
	4337
	5911
	10206
	5332
	3505
	7570
}
-=| Cluster: 0266 |=-
[Elements: 22]
{
	254
	9716
	3359
	1044
	10084
	6678
	3149
	4381
	8514
	1891
	1591
	4536
	4538
	7946
	10249
	6756
	6586
	5115
	6589
	5433
	8088
	686
}
-=| Cluster: 0267 |=-
[Elements: 22]
{
	10424
	4531
	9576
	1787
	10383
	3280
	3120
	4826
	3663
	6236
	6250
	2349
	4601
	8308
	2271
	1071
	4568
	175
	4372
	1508
	2691
	1599
}
-=| Cluster: 0268 |=-
[Elements: 22]
{
	4324
	5735
	881
	2706
	9722
	9878
	4341
	7529
	2516
	5492
	3732
	802
	10298
	144
	9342
	2752
	4046
	7822
	3238
	10848
	4735
	2058
}
-=| Cluster: 0269 |=-
[Elements: 23]
{
	3113
	6725
	928
	7365
	1210
	1269
	6884
	9565
	5646
	1901
	3596
	7051
	10900
	10174
	52
	7375
	1220
	7157
	1903
	3983
	10612
	3309
	2298
}
-=| Cluster: 0270 |=-
[Elements: 9]
{
	9971
	518
	2000
	2273
	1943
	1339
	895
	2891
	9688
}
-=| Cluster: 0271 |=-
[Elements: 9]
{
	1874
	9241
	4800
	3142
	1496
	1425
	1575
	6577
	8010
}
-=| Cluster: 0272 |=-
[Elements: 5]
{
	6775
	5660
	2831
	6191
	2522
}
-=| Cluster: 0273 |=-
[Elements: 22]
{
	1671
	977
	6729
	2207
	6563
	2821
	7414
	2562
	6446
	8957
	2358
	7204
	7989
	8380
	10072
	10701
	8050
	195
	6114
	4406
	1668
	8304
}
-=| Cluster: 0274 |=-
[Elements: 2]
{
	2180
	10790
}
-=| Cluster: 0275 |=-
[Elements: 19]
{
	7134
	7101
	4743
	3547
	6228
	7978
	9540
	2535
	3458
	11066
	3811
	1115
	3749
	4095
	6621
	1027
	10518
	7957
	8920
}
-=| Cluster: 0276 |=-
[Elements: 23]
{
	8977
	3511
	10758
	1429
	5978
	2498
	8467
	913
	5130
	3986
	6088
	10812
	1434
	6688
	6850
	7657
	5088
	7797
	5207
	10573
	3461
	8889
	8971
}
-=| Cluster: 0277 |=-
[Elements: 24]
{
	8894
	2626
	5847
	9769
	3011
	4454
	707
	6349
	3328
	234
	4566
	6768
	2340
	2368
	4523
	956
	9169
	5262
	8794
	3645
	2655
	8841
	10254
	8915
}
-=| Cluster: 0278 |=-
[Elements: 19]
{
	9204
	10483
	4612
	10258
	2332
	1003
	9458
	570
	2863
	4074
	2641
	9266
	2365
	6063
	6383
	6035
	6907
	5802
	5376
}
-=| Cluster: 0279 |=-
[Elements: 23]
{
	9182
	1538
	3107
	9107
	3338
	6757
	3610
	4766
	9344
	1200
	7619
	6902
	5437
	10648
	8019
	7470
	8007
	6856
	7799
	4008
	2408
	2470
	6142
}
-=| Cluster: 0280 |=-
[Elements: 23]
{
	10630
	8098
	10504
	10495
	5210
	912
	11016
	7262
	2136
	829
	2648
	6017
	497
	6544
	10772
	2594
	2231
	9563
	4600
	179
	627
	8472
	5384
}
-=| Cluster: 0281 |=-
[Elements: 22]
{
	1165
	242
	3895
	7749
	9385
	5518
	2409
	7972
	9704
	7650
	7710
	2048
	7237
	1162
	3659
	8544
	5461
	6987
	7870
	2015
	10883
	3406
}
-=| Cluster: 0282 |=-
[Elements: 22]
{
	3198
	5805
	4349
	7767
	1273
	9801
	1561
	10469
	6341
	8714
	9712
	2798
	8084
	6652
	4934
	10028
	6717
	2149
	8677
	1149
	7979
	8236
}
-=| Cluster: 0283 |=-
[Elements: 22]
{
	5478
	3007
	3532
	4235
	9697
	8851
	3847
	6054
	8891
	7278
	1176
	4827
	2898
	9542
	4885
	9183
	5963
	693
	3118
	2174
	9972
	10044
}
-=| Cluster: 0284 |=-
[Elements: 23]
{
	7148
	6825
	10644
	352
	9108
	6529
	1681
	4127
	10221
	5371
	2608
	8363
	5324
	6954
	2126
	9566
	5479
	4312
	1888
	9172
	2417
	8748
	9624
}
-=| Cluster: 0285 |=-
[Elements: 22]
{
	321
	6649
	6335
	2758
	5657
	4613
	5960
	3025
	1146
	4244
	6420
	138
	2551
	6514
	2630
	6778
	5849
	2881
	5201
	5524
	6150
	4426
}
-=| Cluster: 0286 |=-
[Elements: 23]
{
	4379
	2741
	300
	6498
	2493
	5076
	502
	7236
	9989
	5339
	9615
	4265
	6414
	2363
	1926
	370
	9589
	6816
	6320
	4944
	9533
	621
	9805
}
-=| Cluster: 0287 |=-
[Elements: 19]
{
	634
	2480
	3741
	5694
	4427
	150
	3614
	415
	5885
	5263
	9381
	74
	445
	7072
	3858
	272
	8691
	6002
	6372
}
-=| Cluster: 0288 |=-
[Elements: 4]
{
	10500
	402
	4464
	1852
}
-=| Cluster: 0289 |=-
[Elements: 23]
{
	9616
	33
	2789
	7902
	10528
	9075
	10488
	9282
	4258
	6961
	10333
	9229
	5800
	371
	3248
	9781
	318
	1837
	7465
	1937
	3261
	3202
	5485
}
-=| Cluster: 0290 |=-
[Elements: 24]
{
	4375
	5767
	6693
	5157
	3646
	1979
	3186
	3753
	3418
	2711
	10252
	1958
	6442
	2934
	388
	807
	1664
	6474
	6343
	809
	8483
	3718
	11047
	7301
}
-=| Cluster: 0291 |=-
[Elements: 20]
{
	5598
	1724
	2510
	4667
	6189
	7114
	1893
	5857
	4049
	10339
	4699
	1372
	8951
	805
	3731
	8333
	7289
	10934
	4594
	1753
}
-=| Cluster: 0292 |=-
[Elements: 17]
{
	4145
	4329
	8433
	11010
	736
	1347
	8638
	9783
	9106
	1197
	3282
	870
	2036
	9141
	7745
	3362
	4895
}
-=| Cluster: 0293 |=-
[Elements: 5]
{
	2186
	9408
	2161
	6122
	6738
}
-=| Cluster: 0294 |=-
[Elements: 22]
{
	10303
	4972
	6847
	7161
	3991
	2461
	8396
	4897
	1287
	5079
	6523
	8264
	7830
	7092
	9610
	146
	6292
	7753
	6409
	463
	10763
	2574
}
-=| Cluster: 0295 |=-
[Elements: 23]
{
	351
	5718
	3439
	2850
	2071
	9469
	4157
	10336
	10999
	10163
	10977
	4682
	9280
	3209
	8438
	10647
	3869
	5704
	9521
	1784
	1217
	2548
	3519
}
-=| Cluster: 0296 |=-
[Elements: 23]
{
	1817
	9090
	6560
	5589
	538
	9799
	3076
	622
	2372
	10521
	2933
	8266
	9771
	6874
	9728
	1758
	63
	409
	4844
	2965
	6095
	3412
	6765
}
-=| Cluster: 0297 |=-
[Elements: 12]
{
	10835
	5238
	6448
	6269
	3250
	23
	6128
	10092
	3403
	2843
	10507
	5340
}
-=| Cluster: 0298 |=-
[Elements: 10]
{
	638
	411
	8902
	2646
	4004
	1292
	9766
	7704
	9636
	4950
}
-=| Cluster: 0299 |=-
[Elements: 21]
{
	7173
	10918
	6302
	489
	7383
	8121
	2339
	201
	219
	814
	5913
	2964
	5089
	8599
	10230
	7439
	1186
	10049
	1359
	6449
	9756
}
-=| Cluster: 0300 |=-
[Elements: 23]
{
	3020
	6934
	6525
	4021
	753
	6454
	5171
	385
	5745
	3492
	511
	7688
	2804
	2352
	4794
	8986
	5312
	6658
	5504
	4969
	6181
	8770
	10127
}
-=| Cluster: 0301 |=-
[Elements: 22]
{
	943
	6318
	8761
	4617
	1112
	6569
	4290
	8478
	9727
	9539
	1844
	10851
	4623
	5896
	10435
	5586
	4086
	7780
	2983
	1524
	6300
	10416
}
-=| Cluster: 0302 |=-
[Elements: 21]
{
	5712
	3029
	9346
	4817
	5734
	8574
	9940
	8928
	7155
	3001
	1620
	8578
	10904
	4728
	1312
	839
	7137
	7795
	9168
	10510
	4238
}
-=| Cluster: 0303 |=-
[Elements: 23]
{
	7493
	4111
	7376
	3357
	3565
	6218
	7393
	770
	1063
	4833
	4264
	1363
	8930
	4616
	3181
	8749
	2568
	4402
	9863
	141
	6590
	4328
	8741
}
-=| Cluster: 0304 |=-
[Elements: 24]
{
	5359
	8896
	8485
	8536
	2540
	6747
	5976
	10061
	7143
	2497
	2809
	2333
	2366
	3806
	1711
	10752
	2035
	5928
	322
	4697
	8655
	5764
	8818
	2993
}
-=| Cluster: 0305 |=-
[Elements: 20]
{
	8586
	9784
	4014
	7127
	4285
	6047
	5163
	8167
	6644
	3926
	9136
	668
	8434
	6734
	8082
	4011
	800
	2462
	9215
	5213
}
-=| Cluster: 0306 |=-
[Elements: 22]
{
	7273
	2028
	9475
	1251
	267
	10452
	1313
	1806
	10412
	4281
	7373
	8032
	963
	1005
	7947
	6820
	2184
	4191
	9620
	1208
	9495
	9148
}
-=| Cluster: 0307 |=-
[Elements: 22]
{
	8910
	1043
	4263
	3516
	1367
	4279
	9353
	2664
	9599
	6040
	10369
	3992
	5570
	4537
	10052
	2019
	9608
	5787
	10261
	7864
	3939
	1662
}
-=| Cluster: 0308 |=-
[Elements: 22]
{
	6294
	4589
	355
	1632
	5402
	6322
	6777
	7895
	1572
	3409
	7211
	582
	656
	847
	3306
	5223
	3790
	4839
	1915
	5880
	10863
	9151
}
-=| Cluster: 0309 |=-
[Elements: 23]
{
	9150
	6663
	5017
	10945
	320
	6258
	2324
	10879
	5008
	315
	4654
	10348
	2555
	6205
	6776
	9920
	8471
	10017
	4927
	297
	3024
	3503
	5747
}
-=| Cluster: 0310 |=-
[Elements: 22]
{
	6375
	4161
	4100
	2614
	1503
	655
	6845
	658
	5942
	2566
	7264
	2794
	7934
	3246
	8927
	7162
	8296
	8279
	10326
	4628
	4763
	6329
}
-=| Cluster: 0311 |=-
[Elements: 22]
{
	9891
	10588
	8990
	10853
	7731
	4712
	3643
	5174
	1352
	8464
	3204
	2248
	3021
	813
	4721
	10709
	7110
	6660
	9126
	7152
	9569
	8512
}
-=| Cluster: 0312 |=-
[Elements: 23]
{
	1781
	10319
	6194
	239
	729
	911
	6512
	5338
	10604
	4296
	1612
	2201
	5271
	5559
	4936
	9790
	745
	10161
	8784
	8558
	1615
	10219
	4903
}
-=| Cluster: 0313 |=-
[Elements: 23]
{
	1331
	3984
	8673
	2375
	7965
	7379
	9626
	9791
	4757
	4494
	2469
	8161
	7847
	7378
	7004
	7781
	9838
	1990
	4236
	6817
	1444
	554
	5284
}
-=| Cluster: 0314 |=-
[Elements: 24]
{
	6502
	4507
	7751
	946
	6118
	9306
	11041
	5084
	5848
	8190
	10998
	2158
	9930
	4159
	476
	8820
	5908
	10572
	901
	3009
	7634
	1862
	3735
	6461
}
-=| Cluster: 0315 |=-
[Elements: 22]
{
	11
	4437
	974
	9074
	4397
	6526
	9811
	185
	9831
	2250
	9996
	9176
	6307
	10519
	990
	957
	4089
	4656
	9579
	10105
	6838
	620
}
-=| Cluster: 0316 |=-
[Elements: 23]
{
	10228
	6175
	1505
	8108
	2848
	6854
	7914
	142
	9986
	10550
	5649
	9357
	4204
	10091
	4445
	9239
	6133
	5476
	876
	6802
	9654
	2779
	9732
}
-=| Cluster: 0317 |=-
[Elements: 21]
{
	7546
	4440
	5297
	4753
	10277
	4795
	3745
	2557
	5703
	4115
	7399
	6919
	4251
	8473
	7123
	4889
	2097
	864
	6736
	6733
	10649
}
-=| Cluster: 0318 |=-
[Elements: 23]
{
	6963
	4412
	9734
	9733
	193
	9908
	102
	394
	3722
	8315
	6405
	4436
	1511
	9329
	9690
	2017
	7412
	8370
	2671
	10842
	3638
	8572
	2029
}
-=| Cluster: 0319 |=-
[Elements: 20]
{
	5184
	11018
	253
	1728
	7664
	6359
	8413
	793
	7876
	10556
	10836
	2195
	4518
	3880
	10297
	8079
	6773
	8815
	10908
	3730
}
-=| Cluster: 0320 |=-
[Elements: 19]
{
	3801
	7917
	6587
	9466
	2401
	8497
	1658
	327
	7586
	10618
	8829
	4633
	541
	10640
	10800
	3747
	10354
	8899
	4022
}
-=| Cluster: 0321 |=-
[Elements: 20]
{
	8824
	2904
	9211
	4383
	5929
	9906
	4673
	7553
	3667
	7547
	9640
	7007
	9530
	1014
	1094
	5936
	9719
	2949
	1237
	6654
}
-=| Cluster: 0322 |=-
[Elements: 20]
{
	10431
	9586
	8771
	9609
	4634
	8034
	9080
	8462
	6653
	5465
	8623
	10284
	235
	4075
	3934
	8474
	6527
	7472
	4365
	4030
}
-=| Cluster: 0323 |=-
[Elements: 19]
{
	9915
	5996
	4785
	8523
	4449
	2884
	9605
	1693
	4343
	2732
	6265
	9435
	5939
	2772
	8233
	6323
	189
	6701
	2886
}
-=| Cluster: 0324 |=-
[Elements: 4]
{
	2674
	9368
	2296
	8617
}
-=| Cluster: 0325 |=-
[Elements: 17]
{
	9417
	5114
	8281
	3658
	639
	2306
	6982
	3459
	2745
	4448
	1913
	9910
	10189
	10778
	8994
	927
	1641
}
-=| Cluster: 0326 |=-
[Elements: 23]
{
	1501
	714
	985
	4294
	6844
	3371
	8037
	4691
	8124
	9002
	8740
	8239
	212
	599
	4441
	350
	6839
	171
	1856
	8242
	6163
	1423
	7284
}
-=| Cluster: 0327 |=-
[Elements: 21]
{
	6340
	4126
	6622
	535
	7919
	902
	4177
	10131
	2829
	5112
	6886
	1944
	1701
	4686
	1344
	1430
	3163
	143
	3214
	4704
	8861
}
-=| Cluster: 0328 |=-
[Elements: 23]
{
	9525
	665
	9472
	5906
	3000
	8227
	5474
	4661
	5506
	10665
	5860
	2501
	2874
	4775
	10731
	7669
	5162
	8274
	8504
	2219
	560
	8721
	198
}
-=| Cluster: 0329 |=-
[Elements: 23]
{
	7382
	6406
	3529
	687
	1284
	7841
	6759
	7223
	6310
	3954
	10704
	3575
	5853
	8866
	3606
	9100
	6113
	2722
	10620
	5851
	7577
	6210
	10213
}
-=| Cluster: 0330 |=-
[Elements: 22]
{
	7764
	4874
	9164
	2823
	5958
	6315
	9718
	8165
	9363
	6102
	9156
	10623
	5845
	6584
	7991
	3056
	3526
	7322
	9808
	4335
	4784
	3133
}
-=| Cluster: 0331 |=-
[Elements: 7]
{
	4539
	3071
	3111
	1585
	8482
	6193
	697
}
-=| Cluster: 0332 |=-
[Elements: 15]
{
	3555
	1013
	9937
	3268
	6532
	2130
	994
	6876
	4367
	1209
	8643
	595
	6696
	5231
	5094
}
-=| Cluster: 0333 |=-
[Elements: 22]
{
	3249
	1517
	7738
	826
	720
	2825
	2617
	4461
	9847
	6513
	4828
	7766
	1745
	8799
	7012
	3627
	8997
	345
	3823
	252
	4505
	9418
}
-=| Cluster: 0334 |=-
[Elements: 19]
{
	5149
	9251
	840
	9520
	5882
	1773
	458
	245
	4769
	10192
	7062
	1887
	10732
	9524
	3688
	1898
	7398
	4481
	3956
}
-=| Cluster: 0335 |=-
[Elements: 26]
{
	5070
	2435
	5674
	10770
	4982
	9375
	2059
	6548
	2229
	4716
	7097
	6283
	7005
	5177
	6101
	8867
	9858
	10498
	10817
	3875
	2895
	2138
	4211
	2708
	469
	8947
}
-=| Cluster: 0336 |=-
[Elements: 22]
{
	2783
	1403
	4621
	9543
	363
	8649
	7863
	7997
	8016
	5219
	9694
	10304
	9267
	2673
	10288
	1093
	7578
	7610
	2866
	5938
	1100
	6614
}
-=| Cluster: 0337 |=-
[Elements: 23]
{
	7206
	4547
	7790
	5953
	3679
	2812
	7377
	9102
	5846
	625
	10094
	1715
	782
	8618
	2840
	8926
	8138
	1317
	7537
	4114
	3472
	6755
	4736
}
-=| Cluster: 0338 |=-
[Elements: 23]
{
	8969
	10143
	3944
	9726
	396
	5630
	8565
	5751
	6371
	8265
	6664
	9157
	8219
	9866
	7869
	7154
	10074
	5273
	10617
	513
	10824
	288
	10832
}
-=| Cluster: 0339 |=-
[Elements: 22]
{
	7591
	1643
	5067
	9350
	2541
	5024
	5331
	6735
	11060
	5530
	10125
	6093
	4823
	3468
	2208
	850
	9663
	8481
	9477
	10489
	2342
	3609
}
-=| Cluster: 0340 |=-
[Elements: 22]
{
	4493
	11061
	8491
	1669
	9498
	9378
	2361
	9482
	5664
	6602
	10816
	6692
	7711
	9356
	2805
	5032
	10211
	4208
	8698
	5509
	9059
	3706
}
-=| Cluster: 0341 |=-
[Elements: 22]
{
	1192
	4954
	4582
	7728
	10514
	7509
	2995
	1307
	7885
	5516
	9901
	869
	5408
	8731
	8435
	10680
	2406
	1172
	9922
	10273
	7318
	3774
}
-=| Cluster: 0342 |=-
[Elements: 23]
{
	9020
	7744
	2570
	7834
	4598
	10014
	2167
	6
	8984
	1036
	9658
	5445
	6079
	4210
	6041
	8123
	5676
	6681
	3750
	2768
	1909
	5472
	5732
}
-=| Cluster: 0343 |=-
[Elements: 22]
{
	8854
	1493
	4609
	9739
	789
	7222
	3996
	4879
	4028
	8782
	9170
	8987
	8006
	4842
	5320
	3866
	2481
	256
	9638
	6392
	2396
	8130
}
-=| Cluster: 0344 |=-
[Elements: 23]
{
	5432
	8235
	7590
	7779
	339
	3413
	6358
	969
	589
	6261
	10635
	6596
	3626
	2371
	2907
	9428
	9765
	692
	6445
	9192
	8601
	5431
	3192
}
-=| Cluster: 0345 |=-
[Elements: 22]
{
	5625
	6485
	4190
	6394
	7633
	8348
	2108
	400
	10376
	2842
	1533
	9004
	910
	7160
	7163
	549
	4056
	6098
	4468
	4303
	7573
	7824
}
-=| Cluster: 0346 |=-
[Elements: 25]
{
	3460
	4968
	6242
	206
	4688
	8044
	1004
	9328
	6792
	7786
	10
	6201
	2927
	4394
	1779
	3367
	4521
	10295
	827
	135
	7969
	2978
	6121
	9670
	10464
}
-=| Cluster: 0347 |=-
[Elements: 24]
{
	6450
	9815
	3382
	10274
	5808
	9961
	10111
	3973
	2310
	7971
	8213
	10349
	9959
	971
	4353
	106
	8872
	8197
	9158
	10309
	9133
	5924
	3821
	3987
}
-=| Cluster: 0348 |=-
[Elements: 25]
{
	6767
	8982
	7567
	2855
	9729
	4976
	2667
	752
	122
	9678
	4038
	462
	616
	4562
	3092
	7496
	9968
	5909
	9212
	6444
	8421
	10979
	2519
	461
	6385
}
-=| Cluster: 0349 |=-
[Elements: 24]
{
	2525
	8146
	2413
	3533
	3299
	8360
	945
	6020
	7673
	3401
	2265
	8520
	1546
	2503
	651
	9199
	1377
	10591
	8151
	3765
	7166
	2999
	11063
	523
}
-=| Cluster: 0350 |=-
[Elements: 21]
{
	5699
	7202
	3791
	2316
	8202
	3044
	3453
	4069
	8962
	1700
	9597
	7176
	1939
	6925
	7038
	3440
	1864
	1692
	5031
	6728
	8836
}
-=| Cluster: 0351 |=-
[Elements: 20]
{
	10335
	6267
	9279
	5528
	588
	10290
	5886
	5592
	8107
	9321
	9849
	10760
	148
	8359
	474
	9883
	2524
	4162
	10247
	3703
}
-=| Cluster: 0352 |=-
[Elements: 2]
{
	1751
	10793
}
-=| Cluster: 0353 |=-
[Elements: 18]
{
	4532
	1265
	9024
	4760
	8665
	1698
	1931
	10509
	4513
	1775
	6025
	10490
	8555
	972
	8758
	8352
	7504
	1972
}
-=| Cluster: 0354 |=-
[Elements: 21]
{
	938
	3820
	1323
	8694
	3726
	5816
	1280
	25
	484
	8061
	8980
	9970
	10957
	10821
	9713
	778
	8257
	1279
	5820
	7804
	4225
}
-=| Cluster: 0355 |=-
[Elements: 22]
{
	4140
	8584
	2125
	2762
	6697
	10993
	691
	4136
	4340
	44
	3123
	4228
	1402
	8559
	8127
	4692
	3927
	5869
	1776
	6480
	9175
	1982
}
-=| Cluster: 0356 |=-
[Elements: 22]
{
	10532
	9009
	2433
	1153
	10714
	240
	6785
	9383
	2173
	6518
	7769
	2599
	8410
	4723
	7832
	9298
	6099
	7339
	10373
	8579
	1488
	7952
}
-=| Cluster: 0357 |=-
[Elements: 25]
{
	3990
	6346
	8461
	7878
	4187
	581
	6795
	1518
	8802
	567
	1468
	10700
	6796
	7962
	9737
	4789
	10040
	9440
	7424
	1371
	8499
	10355
	7571
	4434
	5588
}
-=| Cluster: 0358 |=-
[Elements: 21]
{
	8065
	3136
	8097
	7882
	5303
	5131
	7267
	1934
	5785
	5104
	40
	6135
	9928
	10434
	4739
	8652
	931
	10216
	1521
	4991
	1233
}
-=| Cluster: 0359 |=-
[Elements: 22]
{
	563
	5901
	10080
	262
	1985
	5272
	8993
	8408
	8983
	1286
	11003
	2961
	942
	825
	1373
	4882
	7670
	934
	101
	8960
	5988
	9955
}
-=| Cluster: 0360 |=-
[Elements: 22]
{
	2678
	10486
	8681
	3652
	1925
	820
	9016
	7219
	10792
	10639
	2726
	10868
	7953
	184
	1481
	10200
	1717
	3062
	94
	1839
	10251
	4486
}
-=| Cluster: 0361 |=-
[Elements: 23]
{
	4883
	2141
	4819
	8225
	10895
	5804
	8450
	8772
	7186
	6897
	1694
	3979
	8330
	10329
	9337
	3117
	1126
	6515
	9052
	7250
	550
	9537
	6882
}
-=| Cluster: 0362 |=-
[Elements: 23]
{
	9974
	9877
	6069
	4664
	1322
	5583
	4622
	8648
	6537
	9012
	8707
	3587
	7618
	10953
	3253
	2539
	10307
	9590
	7524
	4176
	5900
	2128
	2997
}
-=| Cluster: 0363 |=-
[Elements: 5]
{
	997
	10933
	3879
	3507
	1408
}
-=| Cluster: 0364 |=-
[Elements: 18]
{
	5890
	5959
	7623
	9832
	9827
	9023
	1813
	3353
	2833
	1340
	8898
	5155
	4105
	10394
	3506
	6949
	10525
	6266
}
-=| Cluster: 0365 |=-
[Elements: 22]
{
	2082
	3860
	8338
	4816
	849
	6395
	4881
	3482
	8840
	9255
	6257
	10962
	2496
	4384
	8507
	6627
	10473
	1068
	5267
	9011
	5148
	8475
}
-=| Cluster: 0366 |=-
[Elements: 24]
{
	3119
	7410
	8543
	452
	8950
	4503
	5875
	475
	6659
	7654
	10325
	4246
	3312
	2192
	4571
	5195
	6386
	149
	1426
	2437
	3678
	4401
	1051
	10989
}
-=| Cluster: 0367 |=-
[Elements: 22]
{
	1158
	97
	41
	8549
	5865
	4077
	2046
	7963
	2291
	1196
	3680
	5451
	5046
	1067
	1791
	8162
	9227
	3894
	5488
	4205
	5220
	4924
}
-=| Cluster: 0368 |=-
[Elements: 21]
{
	1816
	624
	10081
	9065
	10716
	1610
	10759
	9040
	3478
	1674
	5581
	8040
	4640
	31
	220
	5752
	9888
	9184
	6606
	5584
	4148
}
-=| Cluster: 0369 |=-
[Elements: 22]
{
	10389
	6324
	4252
	467
	7880
	1440
	8143
	9462
	8271
	9085
	3808
	2221
	7836
	5533
	5396
	5105
	4170
	325
	2012
	1957
	9195
	8831
}
-=| Cluster: 0370 |=-
[Elements: 21]
{
	8001
	2096
	7505
	4055
	1907
	4768
	6968
	10088
	6620
	3263
	3467
	6489
	948
	3514
	11075
	5728
	9349
	6264
	3444
	6754
	6950
}
-=| Cluster: 0371 |=-
[Elements: 23]
{
	5950
	451
	7296
	1858
	6052
	1090
	711
	8616
	4442
	2977
	9365
	2044
	9668
	6828
	5680
	2002
	393
	2100
	4849
	2690
	967
	3572
	5344
}
-=| Cluster: 0372 |=-
[Elements: 19]
{
	10715
	2528
	1385
	6981
	6206
	10555
	854
	215
	4718
	9710
	6183
	1993
	1947
	9087
	3213
	5484
	10634
	3230
	9072
}
-=| Cluster: 0373 |=-
[Elements: 18]
{
	9006
	8718
	587
	10751
	7342
	15
	6270
	2230
	3620
	5035
	7338
	7685
	9285
	3463
	7806
	7875
	9105
	8848
}
-=| Cluster: 0374 |=-
[Elements: 19]
{
	3164
	6296
	2921
	1642
	7954
	8003
	2847
	4615
	9422
	583
	3872
	867
	5285
	8211
	838
	1802
	5795
	4262
	8187
}
-=| Cluster: 0375 |=-
[Elements: 18]
{
	5603
	10177
	1221
	2444
	1528
	10757
	4913
	8310
	6331
	4013
	2222
	4460
	3904
	194
	1206
	2238
	7258
	2665
}
-=| Cluster: 0376 |=-
[Elements: 19]
{
	4643
	6927
	9228
	7805
	1960
	10602
	9242
	5763
	1877
	4063
	10411
	8445
	9558
	1053
	8766
	7125
	3030
	2157
	3
}
-=| Cluster: 0377 |=-
[Elements: 20]
{
	10944
	2679
	6221
	4051
	3969
	10636
	5294
	3953
	10087
	10970
	7337
	10499
	5711
	4742
	9879
	4416
	9721
	6784
	6517
	2971
}
-=| Cluster: 0378 |=-
[Elements: 17]
{
	2432
	11013
	792
	7354
	8447
	1809
	893
	9400
	5891
	335
	5487
	3364
	3194
	5444
	4364
	7394
	5156
}
-=| Cluster: 0379 |=-
[Elements: 18]
{
	8912
	9131
	5065
	2861
	4104
	2876
	6779
	5381
	4492
	3908
	507
	5757
	6127
	8077
	1709
	3402
	10776
	6746
}
-=| Cluster: 0380 |=-
[Elements: 10]
{
	7446
	5884
	2656
	2859
	6459
	530
	3080
	2870
	5915
	1185
}
-=| Cluster: 0381 |=-
[Elements: 9]
{
	6087
	10158
	1549
	709
	9758
	933
	3674
	10935
	9219
}
-=| Cluster: 0382 |=-
[Elements: 19]
{
	10368
	3689
	3201
	1564
	1244
	2849
	5536
	5290
	1243
	10534
	7272
	10956
	3389
	3770
	3143
	3325
	4144
	10337
	1638
}
-=| Cluster: 0383 |=-
[Elements: 19]
{
	9921
	10242
	10547
	8941
	773
	9058
	9203
	9962
	2610
	2307
	9794
	10110
	10372
	9692
	8875
	9069
	10146
	9662
	2735
}
-=| Cluster: 0384 |=-
[Elements: 18]
{
	8823
	548
	3899
	4188
	9444
	3651
	5855
	841
	9465
	10740
	8700
	4369
	4012
	3392
	9250
	708
	584
	9336
}
-=| Cluster: 0385 |=-
[Elements: 19]
{
	8708
	4865
	7825
	10019
	891
	806
	244
	7677
	57
	10139
	11032
	2047
	8881
	5250
	5240
	10083
	5582
	3130
	7020
}
-=| Cluster: 0386 |=-
[Elements: 18]
{
	728
	5989
	3612
	3948
	5675
	5774
	5895
	531
	73
	662
	3786
	2813
	1526
	5593
	7519
	4641
	1529
	348
}
-=| Cluster: 0387 |=-
[Elements: 19]
{
	7627
	4066
	1878
	2196
	6415
	2996
	640
	993
	6804
	10973
	9870
	165
	293
	3233
	9699
	6151
	8661
	1351
	7113
}
-=| Cluster: 0388 |=-
[Elements: 19]
{
	6333
	5507
	3882
	10089
	8505
	5601
	3048
	8463
	8191
	2292
	2753
	9147
	6895
	6080
	6146
	3642
	7475
	5783
	6708
}
-=| Cluster: 0389 |=-
[Elements: 20]
{
	9188
	10902
	466
	9032
	241
	6966
	744
	5257
	6447
	6103
	3245
	2439
	170
	1028
	2384
	710
	2445
	4311
	5931
	7096
}
-=| Cluster: 0390 |=-
[Elements: 20]
{
	2258
	9816
	5943
	9669
	7189
	207
	4931
	2658
	5555
	5946
	983
	8880
	2944
	5513
	75
	3279
	5538
	10144
	2560
	1066
}
-=| Cluster: 0391 |=-
[Elements: 20]
{
	3737
	7644
	539
	4508
	575
	1726
	1558
	8335
	7773
	2637
	7658
	8527
	9415
	10683
	4943
	6398
	7351
	9828
	9384
	6641
}
-=| Cluster: 0392 |=-
[Elements: 20]
{
	4036
	6304
	6864
	7645
	7561
	10896
	5288
	7793
	771
	7105
	9966
	10809
	9036
	4196
	9534
	6042
	8857
	3685
	7323
	2941
}
-=| Cluster: 0393 |=-
[Elements: 20]
{
	2518
	6104
	3682
	10983
	232
	8356
	8730
	7480
	9359
	10128
	7877
	7126
	6932
	410
	1895
	2072
	3518
	2187
	2137
	8968
}
-=| Cluster: 0394 |=-
[Elements: 20]
{
	2685
	2256
	1803
	9817
	10563
	7973
	5605
	3885
	2148
	8539
	4642
	790
	5196
	496
	3172
	8552
	9963
	1417
	5994
	2376
}
-=| Cluster: 0395 |=-
[Elements: 20]
{
	3421
	4035
	5044
	3454
	9367
	6848
	5985
	8355
	7542
	3746
	9031
	8099
	4164
	861
	9932
	8229
	7520
	7242
	5176
	3377
}
-=| Cluster: 0396 |=-
[Elements: 21]
{
	1321
	3082
	9146
	1981
	2839
	1800
	8660
	4112
	7459
	7552
	236
	6704
	7646
	648
	5355
	1145
	1268
	2364
	811
	5819
	4864
}
-=| Cluster: 0397 |=-
[Elements: 19]
{
	6396
	2490
	4489
	654
	2785
	5591
	855
	7715
	10170
	1032
	9948
	9390
	1231
	6986
	4905
	7692
	6716
	10365
	10958
}
-=| Cluster: 0398 |=-
[Elements: 19]
{
	1422
	9552
	4724
	7904
	4385
	5211
	5460
	1332
	50
	4522
	10976
	1037
	965
	3293
	8226
	10951
	7937
	11030
	8441
}
-=| Cluster: 0399 |=-
[Elements: 20]
{
	801
	6246
	7844
	10762
	7845
	8704
	9053
	3696
	1825
	5786
	4645
	5631
	3704
	8686
	5541
	10171
	103
	3167
	4758
	37
}
-=| Cluster: 0400 |=-
[Elements: 19]
{
	6656
	4570
	2116
	10749
	5955
	1368
	4045
	6957
	10451
	8125
	257
	6263
	11004
	1914
	5367
	739
	364
	1750
	10425
}
-=| Cluster: 0401 |=-
[Elements: 19]
{
	2816
	3225
	1133
	387
	2952
	1230
	10027
	10449
	36
	2699
	11042
	712
	1900
	6077
	5766
	9060
	5522
	7853
	7216
}
-=| Cluster: 0402 |=-
[Elements: 20]
{
	10166
	590
	1966
	2817
	4625
	3837
	2007
	4373
	9160
	6431
	1571
	1460
	8072
	2145
	3931
	7139
	4355
	323
	10515
	8632
}
-=| Cluster: 0403 |=-
[Elements: 20]
{
	10415
	9745
	8067
	8830
	8448
	6786
	2024
	2666
	386
	7182
	5797
	6319
	3577
	133
	9235
	3839
	8767
	3483
	698
	10115
}
-=| Cluster: 0404 |=-
[Elements: 19]
{
	4179
	7426
	9335
	10666
	9735
	7730
	992
	8604
	2179
	3277
	6519
	1548
	3229
	4327
	60
	6186
	3947
	2573
	5949
}
-=| Cluster: 0405 |=-
[Elements: 20]
{
	7583
	606
	843
	10301
	1416
	524
	2595
	8416
	10829
	6628
	4636
	3258
	8417
	6793
	3195
	5758
	2114
	8181
	10981
	107
}
-=| Cluster: 0406 |=-
[Elements: 19]
{
	7956
	10566
	10361
	4189
	2407
	3930
	6382
	8965
	4925
	10535
	7302
	95
	10159
	1919
	8256
	9185
	6631
	1142
	3241
}
-=| Cluster: 0407 |=-
[Elements: 21]
{
	9574
	7048
	32
	3855
	2925
	7927
	6078
	5577
	5842
	9862
	1908
	6976
	8316
	7572
	7756
	10661
	1147
	6086
	10060
	10667
	8476
}
-=| Cluster: 0408 |=-
[Elements: 18]
{
	9514
	10043
	10882
	8041
	735
	7172
	8286
	6422
	10341
	2457
	4626
	10330
	8150
	4932
	2200
	1579
	9824
	8615
}
-=| Cluster: 0409 |=-
[Elements: 21]
{
	9695
	7352
	306
	3508
	3928
	4182
	1000
	5268
	615
	5254
	9429
	3240
	99
	2974
	8792
	1629
	9752
	1091
	9324
	1822
	9479
}
-=| Cluster: 0410 |=-
[Elements: 18]
{
	9575
	835
	8580
	354
	5200
	2068
	7527
	7531
	8728
	1534
	5639
	5383
	10937
	3298
	6149
	1378
	9551
	1357
}
-=| Cluster: 0411 |=-
[Elements: 21]
{
	9436
	10283
	6204
	4610
	1971
	4216
	2567
	6473
	1046
	8166
	5594
	4124
	8411
	5716
	3168
	7532
	10068
	5883
	2621
	9860
	2527
}
-=| Cluster: 0412 |=-
[Elements: 18]
{
	3488
	4018
	10886
	2054
	7993
	1246
	981
	8324
	10402
	10413
	8835
	5833
	136
	2463
	4101
	1325
	5510
	8321
}
-=| Cluster: 0413 |=-
[Elements: 11]
{
	2142
	8687
	6890
	2975
	5769
	10245
	1949
	4288
	7502
	5109
	5470
}
-=| Cluster: 0414 |=-
[Elements: 22]
{
	10898
	3308
	7541
	9055
	4322
	9889
	8838
	4217
	9231
	10093
	6170
	7438
	6837
	6029
	10925
	2354
	5585
	10267
	922
	5164
	5150
	4037
}
-=| Cluster: 0415 |=-
[Elements: 32]
{
	9317
	9310
	7156
	8398
	10940
	2508
	10561
	3559
	3102
	6196
	537
	6299
	10907
	8858
	626
	10234
	3494
	346
	10121
	1096
	7819
	2643
	6157
	6012
	6633
	5947
	3634
	7227
	6896
	10485
	10787
	3339
}
-=| Cluster: 0416 |=-
[Elements: 32]
{
	9981
	9941
	8261
	2455
	4007
	561
	8206
	2266
	5377
	5690
	1557
	9496
	3154
	2422
	7361
	3415
	7631
	3304
	10537
	10541
	4457
	2700
	1742
	3584
	2588
	9486
	4745
	6958
	5173
	6669
	10884
	3819
}
-=| Cluster: 0417 |=-
[Elements: 32]
{
	4473
	488
	7535
	6030
	5579
	263
	6342
	6832
	3256
	222
	9405
	361
	5186
	5348
	9884
	1871
	7039
	1969
	7291
	8375
	5823
	5126
	5441
	9325
	6534
	2269
	77
	231
	7395
	9045
	978
	6430
}
-=| Cluster: 0418 |=-
[Elements: 37]
{
	3307
	6675
	5614
	6239
	880
	9451
	7530
	5061
	614
	7601
	10041
	1301
	360
	2773
	9773
	4511
	3449
	7397
	6046
	7533
	10459
	7814
	93
	5436
	10407
	10048
	8557
	1772
	2882
	9708
	2104
	7067
	7009
	2423
	4432
	10568
	10810
}
-=| Cluster: 0419 |=-
[Elements: 37]
{
	6849
	1107
	5232
	7136
	3814
	1466
	10003
	2616
	1661
	758
	333
	2585
	9813
	7540
	9295
	5327
	7906
	2827
	5822
	2707
	3536
	1114
	5075
	1260
	2636
	11048
	7458
	4092
	2290
	3913
	818
	3647
	8518
	10615
	6909
	6750
	3423
}
-=| Cluster: 0420 |=-
[Elements: 37]
{
	5259
	2466
	2382
	1630
	10575
	9593
	2515
	9154
	10581
	6327
	2986
	152
	1650
	10164
	9427
	181
	1356
	4772
	3443
	7453
	9179
	3197
	10852
	11054
	227
	7357
	8783
	9208
	3538
	7974
	223
	4199
	10825
	9876
	2023
	2450
	7407
}
-=| Cluster: 0421 |=-
[Elements: 37]
{
	10018
	1738
	4554
	3358
	6668
	3054
	9307
	6536
	7975
	4912
	1297
	6131
	3937
	1452
	7321
	2253
	6803
	7676
	6993
	10748
	6676
	5702
	8945
	9897
	491
	6053
	5252
	9407
	4420
	8488
	7681
	5428
	4526
	8843
	10195
	7838
	5036
}
-=| Cluster: 0422 |=-
[Elements: 34]
{
	3852
	10482
	2958
	4392
	4239
	4541
	9366
	1832
	6004
	6107
	6055
	39
	6770
	2635
	2198
	5013
	5688
	2619
	4198
	3005
	3838
	6706
	1539
	5682
	9969
	7106
	830
	5083
	356
	8145
	6456
	1017
	4790
	3342
}
-=| Cluster: 0423 |=-
[Elements: 39]
{
	6199
	10737
	5840
	7047
	8809
	8320
	3281
	661
	1392
	7437
	9890
	4015
	3896
	2563
	8217
	935
	10600
	6187
	3156
	4137
	4859
	8172
	2424
	7674
	3851
	5873
	1748
	4765
	9923
	4133
	1961
	5291
	3762
	5188
	1105
	2251
	4961
	2852
	9421
}
-=| Cluster: 0424 |=-
[Elements: 37]
{
	2561
	1290
	1139
	1796
	7851
	1411
	1570
	7687
	863
	11023
	126
	375
	5458
	1070
	7159
	8979
	2696
	2727
	437
	10086
	1677
	9111
	6572
	5515
	2770
	10300
	2883
	1406
	6082
	10843
	8759
	9083
	10175
	5666
	1089
	10281
	2644
}
-=| Cluster: 0425 |=-
[Elements: 36]
{
	2976
	996
	1531
	5318
	5214
	1645
	229
	4919
	2164
	6867
	3752
	10616
	4930
	2960
	5123
	4607
	3630
	4240
	1040
	10306
	9062
	1180
	6555
	8934
	2853
	8813
	10920
	3375
	6608
	1795
	10738
	9494
	2669
	4779
	4649
	1298
}
-=| Cluster: 0426 |=-
[Elements: 36]
{
	5179
	2
	9730
	8096
	641
	9270
	5146
	5685
	9904
	7698
	1648
	9246
	6860
	4896
	9909
	10147
	5673
	8230
	3394
	8612
	4342
	8750
	9134
	6326
	4671
	5085
	2742
	2234
	6455
	8630
	7933
	8860
	8025
	2797
	7071
	7461
}
-=| Cluster: 0427 |=-
[Elements: 38]
{
	5140
	8466
	3710
	9492
	678
	7456
	853
	888
	1959
	4648
	4041
	5145
	8132
	1007
	9511
	9283
	9431
	4139
	6209
	9483
	7966
	3771
	5281
	7129
	5871
	3777
	446
	7201
	3702
	2060
	6556
	3832
	8788
	2301
	562
	4269
	5092
	5986
}
-=| Cluster: 0428 |=-
[Elements: 36]
{
	9945
	9834
	9604
	1098
	4516
	2968
	203
	6545
	5471
	5154
	5827
	7808
	4003
	5028
	7130
	4081
	5663
	7298
	7018
	4560
	8238
	5773
	4446
	4223
	4872
	10038
	5662
	10727
	7667
	4345
	7722
	6831
	6376
	605
	10153
	7887
}
-=| Cluster: 0429 |=-
[Elements: 38]
{
	1393
	9880
	169
	5905
	5887
	7281
	9507
	9318
	6946
	1462
	636
	10947
	3539
	3576
	5265
	10179
	8756
	2754
	6219
	4715
	1293
	10899
	5987
	342
	9637
	5914
	5062
	8744
	4749
	8149
	10328
	4423
	6434
	2602
	8340
	7435
	8222
	1848
}
-=| Cluster: 0430 |=-
[Elements: 35]
{
	10531
	7983
	5417
	1073
	2415
	5832
	2710
	2343
	1232
	9454
	9789
	619
	3037
	9839
	6888
	2877
	340
	8884
	4923
	5446
	5135
	1916
	5264
	8626
	7521
	8577
	3436
	2897
	8164
	10462
	2175
	4947
	9894
	4286
	4964
}
-=| Cluster: 0431 |=-
[Elements: 35]
{
	4509
	9622
	4090
	2963
	6314
	3988
	5952
	2948
	8453
	3893
	1707
	6374
	9240
	2031
	1567
	6863
	8832
	4734
	8105
	1134
	7651
	11034
	6782
	10928
	5189
	2824
	10643
	8515
	9499
	3196
	3060
	9825
	7588
	8670
	5316
}
-=| Cluster: 0432 |=-
[Elements: 10]
{
	3708
	2140
	8144
	2098
	1271
	9750
	3943
	8715
	4759
	9086
}
-=| Cluster: 0433 |=-
[Elements: 28]
{
	1201
	10847
	3414
	1248
	6470
	6941
	4185
	1106
	9850
	4233
	429
	8810
	10992
	10822
	1605
	5342
	694
	5549
	6743
	6753
	2980
	10867
	2491
	5073
	7807
	6865
	7042
	5811
}
-=| Cluster: 0434 |=-
[Elements: 38]
{
	5350
	8457
	1818
	10036
	7849
	10099
	7217
	3754
	725
	1219
	9740
	8153
	8272
	4926
	10864
	2776
	6248
	7620
	5057
	3766
	10869
	1424
	5459
	2386
	3776
	8647
	10443
	4283
	9178
	4662
	4098
	9865
	3108
	250
	7328
	4435
	6117
	6212
}
-=| Cluster: 0435 |=-
[Elements: 9]
{
	266
	10102
	1421
	10374
	3510
	8869
	9993
	6325
	3534
}
-=| Cluster: 0436 |=-
[Elements: 26]
{
	7981
	4154
	9426
	10198
	5221
	3046
	81
	8169
	2103
	5920
	2005
	4000
	4107
	1660
	1055
	8521
	2026
	3434
	5111
	3313
	7451
	2937
	3397
	1588
	6748
	9568
}
-=| Cluster: 0437 |=-
[Elements: 34]
{
	8627
	10388
	2275
	4732
	2543
	2210
	6084
	4990
	3924
	7086
	6015
	5199
	7081
	2775
	503
	8684
	7076
	9153
	8031
	358
	5068
	10410
	3348
	6252
	3668
	4125
	117
	1484
	9061
	10725
	4242
	4585
	4983
	3031
}
-=| Cluster: 0438 |=-
[Elements: 35]
{
	2402
	8406
	4918
	3531
	2283
	8194
	2178
	699
	1087
	1740
	4033
	3291
	5508
	5644
	8850
	1886
	9049
	8023
	100
	5927
	3013
	3761
	1497
	9983
	3155
	2645
	7406
	5689
	7372
	4546
	7145
	4113
	8735
	5168
	3165
}
-=| Cluster: 0439 |=-
[Elements: 35]
{
	6249
	26
	1586
	779
	8826
	6997
	1847
	10101
	4330
	4825
	10494
	10079
	9687
	7028
	10466
	1303
	9560
	4646
	1826
	5665
	9691
	3850
	4222
	1992
	4032
	3223
	5256
	8339
	9749
	9807
	9705
	1768
	8602
	2769
	4683
}
-=| Cluster: 0440 |=-
[Elements: 35]
{
	1733
	9232
	1369
	7714
	3347
	7245
	10501
	1655
	748
	6821
	1212
	3147
	5323
	5696
	5761
	6503
	3124
	3802
	794
	1962
	5658
	4424
	6198
	7724
	2620
	1337
	7625
	7896
	4824
	6636
	5463
	3724
	9788
	676
	8563
}
-=| Cluster: 0441 |=-
[Elements: 35]
{
	3925
	10975
	9177
	7721
	4977
	1882
	9619
	9630
	7026
	2287
	4710
	2689
	9588
	7421
	48
	10754
	5923
	2083
	5569
	501
	473
	2327
	9621
	3670
	5141
	9493
	3841
	1076
	1171
	10255
	2465
	9731
	7894
	2536
	3524
}
-=| Cluster: 0442 |=-
[Elements: 35]
{
	9132
	2889
	3086
	490
	10889
	5097
	8301
	2106
	970
	10522
	5838
	7652
	54
	5771
	2970
	10554
	1474
	8724
	5755
	10855
	9564
	3616
	1029
	9999
	846
	5483
	8378
	4861
	3623
	7348
	10673
	8407
	10012
	10414
	10605
}
-=| Cluster: 0443 |=-
[Elements: 34]
{
	9753
	5975
	6410
	6758
	2818
	3921
	5806
	9914
	7811
	2888
	4856
	5387
	5627
	5403
	9041
	2955
	4935
	8492
	8454
	5228
	6814
	8864
	2530
	10785
	3916
	237
	10378
	9124
	749
	3150
	968
	7128
	88
	2676
}
-=| Cluster: 0444 |=-
[Elements: 34]
{
	543
	2021
	8276
	6528
	8905
	5187
	4877
	4091
	8389
	8060
	2139
	210
	3242
	7252
	2061
	2323
	8159
	4498
	1999
	8429
	4696
	10799
	3589
	8719
	8909
	9503
	7803
	5864
	7549
	258
	8846
	2905
	2606
	10637
}
-=| Cluster: 0445 |=-
[Elements: 39]
{
	8228
	10422
	3182
	9094
	8220
	7268
	8282
	6061
	871
	9027
	9714
	10243
	7215
	6698
	4109
	1777
	2554
	7484
	3527
	11039
	7603
	9689
	2393
	3779
	8935
	9994
	3480
	4319
	6429
	10382
	2430
	3069
	7942
	1970
	2053
	9449
	763
	6271
	1069
}
-=| Cluster: 0446 |=-
[Elements: 37]
{
	11027
	999
	7054
	4786
	8502
	8182
	3763
	9202
	238
	2513
	10097
	8859
	7680
	1130
	8743
	6013
	1033
	526
	2792
	6812
	1175
	6276
	2713
	5965
	6148
	431
	46
	9562
	2534
	3301
	8801
	4023
	6611
	5047
	4017
	5519
	2472
}
-=| Cluster: 0447 |=-
[Elements: 37]
{
	7624
	8086
	8062
	9785
	3919
	7428
	6891
	2001
	1355
	4517
	7332
	8567
	4495
	2074
	9822
	6651
	4413
	683
	5768
	7763
	10844
	3057
	11057
	4637
	6096
	9581
	4807
	1458
	202
	7656
	4754
	8893
	494
	713
	6316
	7622
	3159
}
-=| Cluster: 0448 |=-
[Elements: 6]
{
	278
	4595
	10801
	8012
	516
	4802
}
-=| Cluster: 0449 |=-
[Elements: 8]
{
	7066
	1296
	4226
	4
	2166
	4465
	4405
	1214
}
-=| Cluster: 0450 |=-
[Elements: 14]
{
	4809
	8287
	4428
	6167
	249
	3498
	5750
	1262
	10968
	5720
	7833
	10571
	5957
	10103
}
-=| Cluster: 0451 |=-
[Elements: 15]
{
	5619
	1606
	8063
	7948
	10445
	9886
	8131
	3267
	2591
	5165
	6129
	1174
	903
	10939
	6164
}
-=| Cluster: 0452 |=-
[Elements: 13]
{
	8302
	10269
	10193
	1012
	10264
	5091
	9091
	9644
	6419
	368
	3455
	3191
	8198
}
-=| Cluster: 0453 |=-
[Elements: 14]
{
	9812
	2052
	2308
	2494
	10930
	10292
	8168
	4070
	2345
	3971
	2864
	2538
	6597
	6511
}
-=| Cluster: 0454 |=-
[Elements: 13]
{
	2760
	9233
	2984
	10861
	4868
	7293
	8600
	7938
	6991
	6230
	2920
	2737
	4512
}
-=| Cluster: 0455 |=-
[Elements: 13]
{
	1789
	2642
	3239
	7241
	4130
	5494
	8026
	7064
	5002
	1562
	9288
	2796
	8470
}
-=| Cluster: 0456 |=-
[Elements: 14]
{
	4863
	14
	1683
	5898
	6045
	9445
	5667
	2092
	344
	7796
	9809
	8487
	382
	7489
}
-=| Cluster: 0457 |=-
[Elements: 13]
{
	486
	4141
	6188
	4557
	1110
	2449
	10344
	287
	1542
	3034
	1547
	10724
	328
}
-=| Cluster: 0458 |=-
[Elements: 14]
{
	183
	6842
	7063
	391
	10037
	347
	8651
	6702
	10032
	3567
	9073
	5153
	6180
	10176
}
-=| Cluster: 0459 |=-
[Elements: 7]
{
	9603
	8621
	859
	1431
	8666
	10706
	8746
}
-=| Cluster: 0460 |=-
[Elements: 7]
{
	2025
	6416
	5877
	717
	4478
	6070
	5477
}
-=| Cluster: 0461 |=-
[Elements: 13]
{
	4268
	759
	10260
	8069
	7982
	10722
	6516
	781
	5932
	6694
	3644
	1258
	6174
}
-=| Cluster: 0462 |=-
[Elements: 14]
{
	3958
	3781
	3074
	1285
	2901
	1541
	8334
	10969
	3363
	9798
	9693
	1859
	9601
	757
}
-=| Cluster: 0463 |=-
[Elements: 3]
{
	3804
	8726
	6362
}
-=| Cluster: 0464 |=-
[Elements: 11]
{
	2815
	408
	4202
	7131
	731
	9478
	3889
	10007
	4143
	2170
	5710
}
-=| Cluster: 0465 |=-
[Elements: 14]
{
	643
	6947
	8148
	10695
	7837
	10964
	7996
	295
	4510
	1590
	7609
	114
	6119
	1845
}
-=| Cluster: 0466 |=-
[Elements: 13]
{
	1732
	3640
	1257
	9025
	649
	5222
	180
	225
	8779
	3330
	6156
	3543
	2928
}
-=| Cluster: 0467 |=-
[Elements: 20]
{
	8970
	7891
	1744
	10628
	7528
	9852
	7142
	8317
	417
	9485
	9161
	4899
	7719
	7449
	7331
	8207
	8371
	6951
	9997
	9352
}
-=| Cluster: 0468 |=-
[Elements: 20]
{
	5241
	9224
	8253
	5450
	6244
	11009
	3004
	313
	4103
	6900
	7600
	10126
	9128
	2055
	8639
	8949
	1857
	5325
	6834
	5527
}
-=| Cluster: 0469 |=-
[Elements: 19]
{
	7115
	1831
	5229
	5118
	10145
	986
	1047
	7867
	1463
	381
	3314
	5322
	9526
	4869
	9165
	4740
	6453
	4902
	1240
}
-=| Cluster: 0470 |=-
[Elements: 21]
{
	8674
	6617
	4984
	6417
	7347
	7581
	7791
	8035
	9871
	5744
	4756
	8793
	1872
	8501
	5701
	7659
	7911
	5401
	5930
	9680
	8442
}
-=| Cluster: 0471 |=-
[Elements: 22]
{
	4967
	6355
	9786
	5997
	10006
	1760
	8613
	7713
	1418
	7297
	9759
	7718
	5158
	2111
	10874
	3098
	5722
	6321
	9213
	1881
	7554
	1108
}
-=| Cluster: 0472 |=-
[Elements: 23]
{
	7177
	7686
	2378
	3390
	7360
	4580
	3303
	7385
	9398
	8662
	7696
	688
	4929
	7031
	6671
	9549
	1173
	7709
	8593
	1619
	1057
	2341
	5049
}
-=| Cluster: 0473 |=-
[Elements: 23]
{
	6929
	5542
	406
	276
	7473
	9776
	2709
	3051
	5009
	8117
	9841
	4941
	1374
	5647
	1527
	1537
	9138
	1883
	1604
	5973
	8094
	2297
	9724
}
-=| Cluster: 0474 |=-
[Elements: 22]
{
	2294
	7788
	11028
	3582
	4313
	8933
	9770
	4299
	9500
	9312
	2724
	47
	4689
	7056
	6274
	7595
	2381
	498
	4854
	9186
	6373
	2276
}
-=| Cluster: 0475 |=-
[Elements: 22]
{
	7835
	2008
	8803
	9833
	5442
	7183
	6479
	5315
	3158
	4380
	1443
	5117
	2488
	3381
	8607
	6805
	6781
	4793
	9101
	545
	1095
	5566
}
-=| Cluster: 0476 |=-
[Elements: 23]
{
	10512
	9460
	2064
	9448
	7460
	3835
	1860
	8817
	2267
	9110
	10322
	6059
	2270
	8797
	4567
	10931
	1782
	5015
	897
	10960
	10756
	2091
	737
}
-=| Cluster: 0477 |=-
[Elements: 6]
{
	6797
	4705
	4404
	2473
	1696
	4840
}
-=| Cluster: 0478 |=-
[Elements: 16]
{
	9373
	3655
	4605
	556
	8409
	2953
	2089
	10045
	8650
	10747
	1056
	6650
	8503
	9260
	8729
	10157
}
-=| Cluster: 0479 |=-
[Elements: 22]
{
	7057
	7381
	3333
	1274
	9516
	7369
	5956
	8904
	8516
	8456
	8350
	858
	5169
	2601
	7429
	5099
	8976
	7230
	6524
	7563
	962
	4855
}
-=| Cluster: 0480 |=-
[Elements: 3]
{
	6730
	4396
	8199
}
-=| Cluster: 0481 |=-
[Elements: 18]
{
	4010
	10685
	8747
	4893
	9051
	4846
	1766
	303
	10985
	6072
	1614
	3473
	1213
	1801
	4298
	6280
	5677
	8576
}
-=| Cluster: 0482 |=-
[Elements: 20]
{
	6036
	8845
	8697
	7643
	7303
	6023
	2337
	3103
	7695
	5568
	6970
	8918
	1086
	11038
	2328
	3097
	7908
	10862
	6176
	5962
}
-=| Cluster: 0483 |=-
[Elements: 20]
{
	3289
	2436
	2954
	8247
	4938
	2899
	3254
	2587
	3863
	3166
	3464
	3095
	6074
	2511
	2774
	1080
	3041
	3699
	8328
	3419
}
-=| Cluster: 0484 |=-
[Elements: 21]
{
	2121
	1810
	10854
	3556
	2803
	9386
	3787
	4026
	6739
	6051
	3429
	6829
	1994
	8147
	3676
	10938
	3910
	6612
	4524
	10681
	3315
}
-=| Cluster: 0485 |=-
[Elements: 29]
{
	9369
	7037
	2705
	9956
	6056
	3558
	2832
	2119
	1154
	576
	9304
	7671
	6365
	5604
	6255
	8837
	1338
	255
	4415
	5850
	6328
	3431
	3734
	8849
	1326
	6607
	5027
	8270
	8885
}
-=| Cluster: 0486 |=-
[Elements: 14]
{
	7503
	8362
	8669
	270
	9129
	3551
	10359
	10803
	5775
	10978
	3212
	7774
	2766
	2109
}
-=| Cluster: 0487 |=-
[Elements: 20]
{
	10650
	7641
	3324
	7112
	7244
	5540
	9702
	8778
	4356
	8892
	4027
	5473
	10358
	7443
	2782
	10275
	7207
	9647
	1413
	9079
}
-=| Cluster: 0488 |=-
[Elements: 22]
{
	11076
	443
	3027
	401
	1855
	4681
	3831
	1997
	6629
	10334
	2618
	7149
	884
	9127
	9768
	6110
	5010
	5700
	7117
	442
	8171
	2577
}
-=| Cluster: 0489 |=-
[Elements: 7]
{
	4867
	4443
	3836
	5052
	4630
	4259
	3965
}
-=| Cluster: 0490 |=-
[Elements: 15]
{
	3484
	6140
	10181
	5128
	1336
	8298
	9093
	5862
	2697
	2095
	9633
	2720
	4149
	2919
	1584
}
-=| Cluster: 0491 |=-
[Elements: 21]
{
	3344
	10702
	5565
	4117
	1712
	7758
	8509
	10707
	9334
	6490
	8709
	1018
	2926
	1739
	7929
	4078
	7893
	3180
	9173
	4309
	3442
}
-=| Cluster: 0492 |=-
[Elements: 8]
{
	4853
	1736
	4693
	3865
	5060
	1264
	6922
	6108
}
-=| Cluster: 0493 |=-
[Elements: 13]
{
	7261
	6277
	2224
	1118
	4778
	8154
	7403
	1343
	4479
	6815
	8537
	6312
	1446
}
-=| Cluster: 0494 |=-
[Elements: 21]
{
	3285
	2411
	2988
	10529
	10652
	9047
	246
	8295
	4084
	696
	76
	6862
	110
	930
	7049
	6057
	178
	9664
	2922
	845
	3856
}
-=| Cluster: 0495 |=-
[Elements: 21]
{
	7314
	7374
	9623
	7576
	856
	9887
	7285
	6533
	9432
	1034
	9751
	669
	7387
	2188
	10005
	11044
	7455
	10540
	2826
	10210
	3003
}
-=| Cluster: 0496 |=-
[Elements: 21]
{
	9873
	3783
	719
	10390
	7179
	10016
	481
	87
	6971
	8656
	9591
	9262
	7181
	10205
	6085
	9829
	277
	4266
	3018
	7050
	9393
}
-=| Cluster: 0497 |=-
[Elements: 22]
{
	200
	960
	1375
	6254
	2584
	2956
	7905
	4398
	3631
	8216
	6460
	10786
	9656
	1734
	10676
	3874
	3395
	10697
	9238
	2272
	2749
	890
}
-=| Cluster: 0498 |=-
[Elements: 21]
{
	4707
	10723
	3271
	2043
	10137
	10916
	4660
	10395
	3187
	10651
	3500
	8821
	10314
	6380
	3675
	9617
	10472
	1945
	1455
	1974
	8642
}
-=| Cluster: 0499 |=-
[Elements: 21]
{
	10880
	979
	2854
	6282
	7430
	5879
	9642
	1300
	5812
	5414
	4915
	6680
	5902
	7441
	4791
	7233
	4639
	704
	3738
	3515
	2313
}
-=| Cluster: 0500 |=-
[Elements: 21]
{
	4650
	4624
	3742
	3903
	10516
	5266
	580
	4997
	6137
	7899
	5071
	1927
	1799
	2484
	6089
	3405
	5175
	4470
	1353
	7195
	6290
}
-=| Cluster: 0501 |=-
[Elements: 22]
{
	9657
	3305
	8042
	3541
	9867
	7046
	9804
	4535
	6364
	5684
	8036
	4978
	8742
	10730
	3226
	1489
	4087
	1731
	7787
	8610
	591
	5784
}
-=| Cluster: 0502 |=-
[Elements: 21]
{
	8863
	572
	5394
	3664
	860
	8460
	6268
	10966
	673
	4462
	6709
	9223
	8883
	3773
	1757
	7133
	6378
	4093
	5077
	9523
	4054
}
-=| Cluster: 0503 |=-
[Elements: 22]
{
	1477
	8332
	2312
	2590
	5535
	7109
	9995
	6222
	3022
	8796
	8594
	10846
	727
	10078
	6916
	2171
	6238
	4884
	2994
	7147
	10320
	9056
}
-=| Cluster: 0504 |=-
[Elements: 21]
{
	7941
	8089
	6731
	8878
	6859
	2268
	6833
	7210
	2329
	4297
	1749
	7628
	6772
	8179
	9761
	10421
	10915
	8517
	1865
	6433
	6742
}
-=| Cluster: 0505 |=-
[Elements: 11]
{
	465
	2482
	10887
	812
	7717
	8685
	6297
	8922
	10917
	9402
	1682
}
-=| Cluster: 0506 |=-
[Elements: 11]
{
	7396
	2777
	3769
	4717
	7783
	2729
	10071
	3834
	274
	3720
	8882
}
-=| Cluster: 0507 |=-
[Elements: 21]
{
	6060
	10592
	5717
	1975
	1899
	9793
	9535
	6438
	4005
	1491
	4638
	372
	2790
	7184
	6928
	5835
	4487
	4142
	2639
	740
	10511
}
-=| Cluster: 0508 |=-
[Elements: 22]
{
	520
	3966
	6495
	10155
	8361
	6092
	8401
	657
	4455
	8200
	8118
	456
	6549
	3284
	4047
	784
	9717
	10429
	5449
	8702
	3812
	2819
}
-=| Cluster: 0509 |=-
[Elements: 21]
{
	1930
	1082
	9453
	2403
	6184
	1797
	8366
	8791
	6160
	5574
	6571
	7562
	1628
	4431
	10657
	1884
	4377
	1583
	7701
	9607
	6983
}
-=| Cluster: 0510 |=-
[Elements: 22]
{
	3985
	9189
	8420
	3073
	1218
	5107
	8093
	646
	2185
	9197
	2998
	1168
	5242
	4998
	10890
	7041
	4871
	10743
	10207
	4870
	7080
	3891
}
-=| Cluster: 0511 |=-
[Elements: 21]
{
	652
	5258
	4088
	8201
	10480
	9747
	9846
	10696
	9767
	4657
	3380
	6247
	4847
	9382
	413
	10671
	1120
	9076
	2389
	487
	7433
}
-=| Cluster: 0512 |=-
[Elements: 38]
{
	6486
	9348
	10447
	9351
	2662
	10185
	10404
	10051
	9452
	311
	9395
	9088
	436
	5983
	2331
	384
	5984
	6028
	5558
	10217
	2675
	4618
	10386
	7335
	1942
	5270
	8550
	1002
	5490
	1952
	8955
	10629
	9544
	7447
	8140
	9532
	3297
	9902
}
-=| Cluster: 0513 |=-
[Elements: 37]
{
	6539
	10184
	6996
	3864
	10768
	8654
	9115
	5497
	4971
	9489
	6075
	9137
	10856
	6788
	5892
	9043
	9982
	10655
	6134
	7508
	1955
	3970
	4096
	6278
	5248
	4388
	4282
	6872
	6347
	10367
	3873
	7
	2367
	5723
	3036
	9037
	4308
}
-=| Cluster: 0514 |=-
[Elements: 36]
{
	3100
	2698
	3999
	3391
	9098
	2931
	4006
	5055
	7951
	1362
	2232
	10574
	5727
	11043
	4783
	7279
	3743
	6889
	5837
	3151
	2388
	9554
	2780
	3686
	5817
	7027
	8275
	10952
	9896
	4555
	10677
	1727
	1141
	10460
	6870
	5948
}
-=| Cluster: 0515 |=-
[Elements: 39]
{
	4386
	10675
	6783
	2650
	9859
	564
	6337
	9536
	3332
	5293
	7474
	597
	6808
	4860
	3474
	10922
	10580
	8322
	9256
	10077
	2197
	1054
	2800
	7391
	8297
	5904
	1688
	3840
	4599
	8573
	7765
	8455
	5671
	9057
	3416
	5194
	11022
	2456
	7032
}
-=| Cluster: 0516 |=-
[Elements: 12]
{
	3744
	4253
	129
	939
	4277
	10366
	555
	5269
	2781
	2704
	9264
	1774
}
-=| Cluster: 0517 |=-
[Elements: 10]
{
	5101
	7498
	4722
	2471
	10063
	8865
	299
	427
	3661
	7069
}
-=| Cluster: 0518 |=-
[Elements: 12]
{
	5648
	8583
	1659
	10819
	6661
	1310
	2150
	2429
	2871
	8683
	1334
	6585
}
-=| Cluster: 0519 |=-
[Elements: 9]
{
	7276
	4909
	7432
	2982
	4418
	7431
	6477
	9992
	9844
}
-=| Cluster: 0520 |=-
[Elements: 21]
{
	1469
	10755
	1222
	8134
	10753
	4206
	3128
	140
	3563
	10053
	4079
	7418
	10645
	3283
	9030
	10257
	7491
	2344
	7890
	607
	3962
}
-=| Cluster: 0521 |=-
[Elements: 21]
{
	1247
	9123
	9836
	1294
	4949
	7045
	6022
	1194
	8008
	10437
	5400
	4676
	1594
	4559
	10625
	4175
	8646
	2404
	6421
	6774
	9331
}
-=| Cluster: 0522 |=-
[Elements: 21]
{
	5634
	1540
	681
	2485
	5921
	7469
	1838
	6530
	5829
	3227
	4334
	7516
	2084
	5309
	7225
	6591
	6348
	3447
	2414
	9113
	4102
}
-=| Cluster: 0523 |=-
[Elements: 21]
{
	7939
	5512
	5610
	1998
	8606
	29
	9152
	2913
	8403
	4551
	7697
	10614
	9291
	8938
	9977
	2476
	7792
	5391
	9068
	5756
	9854
}
-=| Cluster: 0524 |=-
[Elements: 7]
{
	7169
	2576
	1059
	4128
	1780
	5082
	7483
}
-=| Cluster: 0525 |=-
[Elements: 13]
{
	2146
	1348
	10513
	2728
	7515
	1432
	6226
	3272
	4474
	8664
	2520
	8852
	4928
}
-=| Cluster: 0526 |=-
[Elements: 12]
{
	4267
	8568
	5386
	2945
	10405
	8948
	5230
	608
	10703
	7883
	8776
	9898
}
-=| Cluster: 0527 |=-
[Elements: 9]
{
	6520
	11040
	9404
	9316
	10054
	2887
	2680
	8967
	5679
}
-=| Cluster: 0528 |=-
[Elements: 20]
{
	6437
	8640
	9843
	791
	6369
	7865
	4122
	137
	629
	3544
	8422
	1984
	8307
	10564
	292
	1187
	10533
	9299
	7170
	1910
}
-=| Cluster: 0529 |=-
[Elements: 21]
{
	9684
	8047
	4221
	546
	1461
	10691
	9935
	7706
	5349
	579
	4904
	2302
	3876
	8152
	6851
	11025
	4820
	5531
	514
	9517
	10428
}
-=| Cluster: 0530 |=-
[Elements: 20]
{
	3897
	10050
	4466
	7479
	8692
	569
	5917
	6637
	10098
	663
	6593
	7140
	4331
	1327
	4888
	9925
	7000
	11055
	10711
	6106
}
-=| Cluster: 0531 |=-
[Elements: 23]
{
	9423
	2684
	45
	7259
	1897
	1592
	7746
	7950
	8985
	2719
	2042
	6309
	2750
	6761
	9949
	7826
	7501
	9258
	1654
	3189
	8243
	10237
	5072
}
-=| Cluster: 0532 |=-
[Elements: 22]
{
	6492
	4702
	2569
	8111
	4483
	5125
	2070
	6021
	6623
	3564
	10526
	2659
	3632
	8223
	11000
	7450
	2504
	6432
	6094
	1249
	3994
	9253
}
-=| Cluster: 0533 |=-
[Elements: 21]
{
	5016
	3711
	6171
	1420
	7191
	3065
	10212
	4920
	3998
	10873
	10024
	9665
	3566
	10946
	8755
	7371
	3799
	3219
	4410
	3326
	9778
}
-=| Cluster: 0534 |=-
[Elements: 21]
{
	2943
	8469
	9711
	2426
	6990
	9430
	9437
	5514
	10201
	5798
	190
	9988
	1148
	9792
	6465
	6903
	9580
	3568
	3824
	7141
	6726
}
-=| Cluster: 0535 |=-
[Elements: 22]
{
	3677
	7872
	8827
	4687
	1550
	7592
	10631
	2521
	9174
	7992
	517
	5733
	6873
	9236
	9372
	8192
	3715
	2131
	6632
	5552
	10830
	3509
}
-=| Cluster: 0536 |=-
[Elements: 21]
{
	5881
	7226
	261
	3833
	7761
	3346
	2487
	5951
	9474
	10690
	10222
	3383
	6451
	3015
	2013
	4837
	7705
	1581
	4031
	10377
	8753
}
